25
1750
1800
1961
2034
2098
2178
2186
2230
2488
2809
2969
3116
3124
3146
3153
3197
3453
3499
3545
3570
3906
4127
4281
4447
4457
4904
4962
4969
4977
5094
5272
5513
5768
5981
6176
6201
6207
6281
6284
6769
6845
6885
6951
6955
7039
7084
7323
7332
7431
7536
7623
7789
8063
8146
8177
8411
8504
8670
8818
8858
8868
8947
9092
9326
9346
9389
9521
9631
9892
9984
10048
10254
10329
10456
10795
11199
11544
12040
12208
12239
12659
12927
13156
13372
13573
14177
14195
14272
14693
14707
14846
14930
15615
15847
16040
16058
16099
16160
16732
16859
16868
16875
16918
16988
17313
17485
17797
17843
18172
18230
18255
18349
18396
18498
18654
18748
18926
19411
19446
19584
19612
19617
19745
19871
20171
20212
20286
20520
20629
20639
20740
21076
21175
21344
21510
21535
21665
22356
22444
22701
22767
23082
23111
23194
23197
23217
23426
23795
24090
24491
24545
24741
25232
25445
25475
25598
25743
25895
26058
26076
26172
26324
26780
27093
27367
27419
27673
27879
27904
27996
28385
28412
28823
28917
29002
29332
29534
29644
29669
29905
29915
29989
30125
30305
30554
30625
30697
30831
31107
31235
31347
31462
31667
31791
31978
32166
32604
32621
32689
33002
33185
33213
33488
33533
33619
33769
33934
33992
34067
34088
34285
34782
34903
34956
35214
35527
36029
36047
36104
36146
36270
36377
36506
36840
36966
36995
37008
37472
37785
37808
37996
38009
38067
38188
38264
38725
38777
38984
39020
39092
39263
39311
39368
39648
39677
39899
39911
40211
40417
40533
40545
40554
40570
40704
40729
40888
40987
41091
41719
42228
42316
42582
42682
42888
43196
43350
43920
44545
45012
45876
45919
46080
46129
46195
46250
46619
46765
47111
47217
47518
47710
48039
48287
48465
48732
48898
49071
49196
49600
49615
49648
49728
49754
49826
49938
50104
50292
50471
50493
50725
50863
51120
51143
51253
51434
51548
51644
52485
52795
52827
52988
53456
53669
54187
54381
54441
54480
54507
55067
55135
55234
55242
55362
55529
55772
55785
56047
56679
56701
56868
56873
56978
57083
57131
57183
57515
57528
57725
58361
58492
59255
59440
59478
59527
59558
60086
60519
60549
60667
60714
60977
61004
61398
61986
62234
62362
62709
62996
63276
63296
63330
63754
63908
64040
64463
64472
64670
64803
64996
65011
65100
65172
65270
65312
65433
65596
65770
65984
66004
66382
66418
66496
66570
66649
66740
66756
66901
66904
67088
67215
67279
67347
67625
67716
67813
67887
68270
68505
68622
68709
69422
69488
69633
69733
69891
70145
70318
70415
70487
70502
70858
70866
71508
71557
71691
71829
72162
72205
72207
72331
72333
72444
72573
72633
72741
72903
72971
73020
73088
73124
73290
73309
73756
73887
74046
74145
74208
74260
74303
75208
75252
75288
75340
75362
75398
75677
76149
76267
76282
76321
76334
76605
77159
77281
77360
77449
77476
77543
77776
77877
78003
78128
78150
78214
78239
78460
78749
78814
78890
79282
79661
79879
79958
80035
80172
80420
80424
80661
81023
81027
81033
81061
81318
81362
81955
82020
82166
82473
82811
83246
83350
83402
84112
84129
84246
84748
84839
85408
85535
85961
86115
86312
87050
87347
87565
87802
88000
88121
88205
88790
88941
88948
89089
89140
89270
89439
89800
90168
90498
90896
91142
91388
91419
91440
91576
91668
91767
91847
91928
92103
92108
92122
92230
92380
92416
92521
92679
93284
93314
93389
93410
93556
93676
93751
93859
94049
94344
94845
95029
95052
95227
95521
95552
95574
95666
95953
96021
96223
96536
96664
96699
96793
96869
96885
96943
97134
97196
97210
97216
97476
97517
97745
98222
98246
98338
98362
98677
99070
99302
99359
99614
99780
100378
100493
100517
100591
100716
100726
100826
100885
101199
101295
101382
101538
101594
101778
101829
101830
101984
102037
102109
102212
102426
102729
102741
102752
103096
103145
103379
103595
103682
103730
103872
104169
104889
104894
104897
104918
105016
105076
105132
105319
105418
105563
105634
105744
105770
106040
106455
106532
106535
106618
106640
107140
107263
107687
107815
108312
108385
108516
108772
108985
109177
109198
109380
109563
109657
110390
110471
110621
200245
200406
201533
202058
202947
203077
203527
203596
215419
215466
216085
216228
216539
216851
217346
217410
225263
225648
230211
230557
275053
275119
275694
275880
276209
276720
277058
277135
277375
277509
277595
277638
277948
278041
278130
278165
278166
310142
310158
310354
310522
310568
310569
310764
311094
311337
311817
312069
312070
312257
313143
313216
313364
313616
313716
313807
313838
313927
314203
314227
314489
314590
314808
315131
315189
315213
315293
315374
315449
315545
315709
315849
315852
315858
315958
316206
316300
316709
316736
316888
317540
317788
318154
318299
318300
318306
318673
318833
318996
319201
319458
319654
319655
319676
319815
320017
320121
320174
320187
320193
320335
320340
320575
350403
350563
350698
350737
350797
350846
350852
350868
350894
351569
351817
351998
352363
352541
352825
352915
352955
352960
352991
352998
353020
353184
353278
353569
353991
354190
354516
354647
354707
354869
354908
354950
354963
354964
355069
355363
355379
355429
355777
355811
355948
355999
356028
356037
356130
356171
356213
356309
357020
357097
357173
357294
357301
700564
700565
700733
700764
700841
700923
700978
701221
701288
701347
701374
701719
701811
701818
701853
701869
701985
702162
702165
702325
702513
703351
703361
703604
704051
704159
704415
704440
704532
704562
705432
706129
706688
706698
706863
707179
707388
707549
707605
707886
708781
708818
708819
708821
708955
709005
709283
709337
710507
710752
711034
711065
711377
711404
711665
711669
711772
712034
712515
712534
712537
712770
712771
713095
713425
713671
713676
714256
714284
714310
714311
714395
714530
714562
714603
714712
715072
715153
715446
715579
715787
715957
716006
716133
716314
716605
716634
716643
717423
717538
717605
717720
717806
717826
717954
718332
718413
718877
718924
718937
718940
719135
719209
719220
719245
719274
719402
719413
719733
719739
719866
719955
720002
720005
720500
720672
720762
720858
720875
721371
721683
721693
721994
722313
722572
722723
722830
723125
723188
723254
723531
723533
723603
723612
723646
724004
724445
724571
724606
724742
724910
725363
725394
725876
726513
726514
726517
726601
726728
726854
726958
727207
727273
727346
727510
728385
728387
728535
729153
729237
729580
729986
730255
730263
730272
730349
730464
730708
731012
731122
731288
731653
731766
731802
732026
732417
732712
732717
732718
732834
733099
733269
733590
736012
736744
736772
737468
737758
737875
738214
739421
740260
740663
740664
740806
740971
741516
741815
742112
742126
742278
743238
743316
743367
743988
744187
744218
744452
744825
745308
745732
745981
746210
746514
746515
746598
746838
747540
748213
748268
748592
748691
749037
749038
749098
749251
749647
749660
750004
750556
750558
750574
750577
750686
751364
751365
751652
751978
752642
752714
753308
753568
754673
754737
754811
755001
756894
757011
759828
759866
759944
760498
761648
763532
763563
763744
763901
763907
764038
764065
764180
764195
764401
764478
764579
764622
764630
764764
764811
765207
765880
766011
766421
766701
766704
766792
766829
767405
767884
767920
768408
768411
768710
768835
768899
769218
769397
769520
769594
770460
771266
771497
771856
771992
771999
772263
772406
772897
773141
773717
773840
773910
774415
774569
775057
775158
775215
775368
776008
776867
776901
778164
778946
779152
779227
779336
779544
780571
783005
783280
783324
783325
783412
784011
784199
784539
784959
784977
785161
785557
785786
785787
785956
786035
786947
787253
787496
788329
788611
788784
788920
788965
789019
789132
789460
789570
789933
790051
790070
790273
790359
790500
790526
790703
790816
791519
791718
791907
791908
791915
791963
792130
792966
792977
792987
793040
793074
793306
793524
793547
793628
793733
793742
793952
794170
794172
794323
794367
794447
794685
794998
795212
795266
795403
795618
795800
796343
796505
796534
796764
797465
797468
797542
797564
797721
798081
798287
798354
798359
798528
798783
798941
798949
799088
799165
799167
799195
799231
799233
799288
799292
799698
799729
799850
800240
800457
800458
800459
800523
801337
801645
801898
801961
802257
802481
802681
803016
803097
803164
803578
803647
803649
803742
804116
804123
804212
804328
804563
804753
805022
805264
805267
805676
805928
806172
806279
806517
806628
806968
807707
807863
807882
807884
808047
808326
808362
808439
808450
808461
809173
809248
809559
809708
809933
810136
810332
810509
810766
810943
810958
811030
811156
811211
811212
811222
811240
811522
811532
811589
811596
811641
811808
811809
811830
811831
811922
812011
812074
812090
812128
812152
812306
812348
812427
812701
812796
812801
813298
813623
813639
813672
813716
813762
813828
814052
814083
814184
814453
814547
814549
814585
814586
814676
814926
815093
815094
815097
815556
816159
816284
816754
816761
816956
817135
817366
817720
817979
818033
818479
818677
818686
818850
818851
818972
819050
819220
819793
819913
819926
820027
820081
820313
820318
820771
821002
821026
821127
821130
821189
821483
821995
822370
822411
822416
822662
822663
822794
822818
823094
823277
823768
824142
824410
824416
825202
825313
825324
825345
825410
825411
825542
826020
826154
826253
826675
826735
827052
827054
827099
827187
827773
827809
827876
828146
828803
828916
828944
829224
829281
829323
829365
830122
830160
830271
830487
830524
830616
830622
830916
831001
831114
831259
831547
831609
831641
831655
831968
832090
832101
832327
832370
832428
832480
832488
832489
832988
833040
833079
833251
833444
833640
834071
834285
834365
835011
835324
835333
835403
835662
835887
836147
836157
836412
836564
836690
837465
837852
837951
838131
838875
839087
839122
839470
839533
839923
840489
840715
841071
841533
842023
842162
842180
842183
842517
842518
842622
842633
842717
842905
843006
844059
844143
844150
844161
844172
844551
844790
844856
844965
844985
845289
845379
845385
845611
845819
845877
845982
846377
846596
846617
846671
846676
846901
846913
846931
847538
847942
849145
849146
849213
849395
849399
849401
849547
849869
849997
849998
850027
850033
850141
850209
850261
850429
850460
850918
851169
851205
851310
851520
851968
853816
854560
854775
854800
855612
855654
855658
855683
855874
855886
855887
855931
855950
856128
856218
856982
856984
857005
857361
857737
857855
857949
858339
858446
858470
858655
858706
858707
858800
858877
859070
859120
859163
859222
859598
859796
860188
860413
860489
860546
860730
860731
860748
861361
861459
861838
861842
861878
861884
861967
861972
862022
862599
862651
862668
862692
862716
862831
862861
863015
863064
863110
863436
863894
863900
864240
864270
864415
864509
864559
864749
864839
865058
865277
865400
865436
865752
865911
865941
866028
866095
866121
866273
866291
866368
866374
866439
866609
866706
866729
866787
866829
867038
867374
867665
867773
867840
868271
868278
868578
868611
868671
868675
868780
868822
868857
869405
870385
870517
870753
870826
871763
872064
872248
872448
872589
872699
872716
872912
873044
873303
873860
874015
874238
874292
874396
874499
874501
874506
874710
874716
874761
874766
874841
874866
874977
875045
875159
875320
875355
875357
875582
875622
875657
875729
876167
876343
876378
876427
876437
876523
876661
876779
876882
876883
877019
877028
877212
877365
877422
877463
877691
877860
877890
878079
878198
878200
878201
878242
878518
878526
878560
878726
878828
878927
878929
878932
879101
879169
879407
879526
879535
879585
879635
879682
879764
879796
879911
880115
880117
880242
880266
880285
880406
880417
880432
880631
880641
880771
880807
880845
880892
880943
880984
881524
881787
881790
881890
882071
882095
882104
882150
882152
882153
882154
882184
882291
882300
882361
882508
882796
882835
883107
883237
883241
883265
883412
883569
883618
883902
883943
883945
883948
883975
883980
883984
884121
884144
884152
884216
884217
884219
884247
884269
884394
884461
884614
884624
884629
884713
884731
884887
884905
884940
885074
885125
885245
885275
885306
885307
885462
885508
885550
885590
885601
885639
885725
885733
885734
885740
885975
885978
886035
886043
886125
886128
886136
886137
886158
886163
886206
886346
886744
886835
886977
886982
886986
887028
887151
887153
887225
887226
887247
887343
887359
887396
887546
887590
887596
887730
887733
887905
887919
887921
887936
887969
888137
888410
888411
888491
888504
888721
888746
888981
889132
889331
889348
889353
889609
889900
889971
890066
890119
890196
890264
890319
890393
890394
890447
890491
890541
890564
890725
890821
890926
891014
891024
891038
891103
891166
891188
891290
891293
891478
891482
891532
892160
892222
892450
892482
892534
892537
892553
892986
892992
893538
893691
893739
893821
893847
893949
894081
894158
894237
894239
894315
894351
894405
894501
894556
894627
894671
894871
895126
895417
895419
895421
895447
895456
895464
895523
895528
895531
895564
895655
895658
895665
895728
895930
896061
896156
896159
896262
896264
896429
896493
896622
896841
896878
896923
896985
897075
897077
897078
897322
897419
897421
897424
897429
897448
897723
897802
897996
898171
898173
898174
898293
898437
898770
899051
899460
899629
899689
899715
899749
899751
899752
899761
899866
899923
900075
900349
900391
900422
901243
901491
901824
901832
902274
902739
902791
902978
903127
903129
903419
903571
903651
904080
904112
904163
904851
904868
904979
906013
906107
906163
906193
906338
906345
906465
906553
906709
906780
907242
907254
907471
907562
907573
907649
907654
908187
908255
908259
908311
908315
908732
908937
908993
909037
909112
909281
909327
909494
909724
909791
909832
909954
910068
910073
910108
910267
910322
910329
910406
910521
910606
910612
910631
910638
910679
911109
911147
911177
911216
911308
911421
911638
911649
911650
911971
912023
912061
912093
912147
912242
912463
912505
912544
912562
912593
912595
912603
912615
912728
912729
912750
912752
912764
912766
912767
912833
912892
912958
912967
913059
913077
913142
913144
913165
913241
913277
913290
913341
913353
913357
913662
913760
914025
914035
914122
914138
914139
914156
914208
914329
914374
914475
914712
915191
915220
915358
915389
915661
915778
915779
915840
915912
915913
916076
916085
916183
916365
916457
916490
916529
916540
916618
916789
916791
916793
916907
917100
917225
917251
917273
917470
917491
917520
917523
917851
918160
918251
918386
918541
918545
918573
918580
918581
918608
918646
918658
918965
919012
919013
919160
919239
919567
919708
919808
919864
919893
919956
919991
920112
920148
920321
920371
920424
920427
920448
920465
920522
920532
920760
921082
921112
921114
921183
921299
921547
921557
921582
921638
921671
921738
921768
921825
921968
922224
922247
922358
922475
922487
922521
922612
922621
922864
923120
923139
923284
923571
923601
923603
923680
923796
923883
924095
924168
924383
924396
924515
924613
924717
924719
924805
924822
924901
925173
925261
925528
925645
925683
925692
925741
926282
926326
926423
926617
926678
926761
927003
927066
927355
927628
927653
927719
927720
927971
928022
928054
928340
928421
928465
928658
928876
929008
929351
929452
929545
929869
929872
929887
929940
930157
930236
930245
930309
930420
930667
930775
930826
931015
931059
931061
931148
931182
931336
931427
931584
932021
932470
932628
932695
932696
932781
932787
932872
933034
933036
933136
933141
933267
933590
933738
933972
933974
934473
934543
934549
934648
935036
935419
935494
935703
936340
936395
936402
936468
936528
936801
936958
937098
937941
937966
938323
939767
939930
940332
940942
940944
941221
941548
941604
942126
942149
942895
943003
943034
943452
943535
943819
943861
943890
944075
944148
944314
944480
944508
944695
944745
944809
945114
945394
945436
945699
945764
945841
945908
945983
946112
946394
946454
946486
946563
946581
946644
946647
946673
946770
946936
947263
947484
947559
948072
948320
948708
949039
949157
949158
949428
949721
949858
949870
949961
1000045
1000177
1000180
1000184
1000209
1000228
1000229
1000230
1000232
1000275
1000298
1000351
1000377
1000623
1000683
1000694
1000697
1000753
1001039
1001082
1001085
1001115
1001171
1001233
1001250
1001258
1001288
1001290
1001316
1001385
1001500
1001601
1001606
1001614
1001807
1001838
1001902
1001907
1002047
1002242
1002366
1002517
1002590
1002638
1002788
1002910
1003078
1003201
1003344
1003642
1003935
1004155
1004315
1004434
1004673
1004702
1004724
1004980
1004989
1005101
1005201
1005210
1005229
1005284
1005286
1005409
1005516
1005699
1005731
1005757
1005817
1006028
1006045
1006269
1006281
1006424
1006655
1006830
1006837
1007019
1007330
1007587
1008586
1008654
1008848
1009001
1009626
1009672
1009759
1009829
1009891
1009919
1009922
1010086
1010134
1010470
1010552
1010612
1010858
1011006
1011060
1011109
1011432
1011509
1011570
1011835
1012019
1012037
1012100
1012477
1012569
1012620
1012771
1013131
1013237
1013272
1013462
1013488
1013605
1013606
1013857
1013871
1013880
1013934
1014052
1014111
1014473
1014507
1014739
1014763
1015155
1015328
1015383
1015593
1015647
1015650
1015739
1015780
1015820
1015922
1016125
1016169
1016178
1016281
1016504
1016837
1016838
1017303
1017413
1017480
1017491
1017655
1017673
1017793
1017968
1018003
1018164
1018399
1018724
1018735
1018840
1018963
1018979
1019034
1019272
1019361
1019650
1019695
1019737
1019742
1019849
1020214
1020416
1020425
1020569
1020710
1020859
1021096
1021162
1021270
1021561
1021604
1021635
1021860
1021917
1021991
1022079
1022321
1022344
1022408
1022469
1022505
1022646
1022652
1022671
1022705
1022837
1022899
1023024
1023109
1023128
1023313
1023364
1023458
1023459
1023512
1023514
1023549
1023731
1023844
1023860
1023994
1023996
1024126
1024305
1024478
1024657
1024672
1024725
1024795
1025378
1025561
1025771
1025835
1025996
1026214
1026572
1026655
1026662
1026785
1026980
1027127
1027183
1027207
1027552
1027596
1027662
1027664
1027838
1027884
1028215
1028357
1028734
1028918
1028954
1029125
1029145
1029199
1029730
1029744
1029800
1029974
1030192
1030206
1030469
1030471
1030749
1030894
1030997
1031029
1031093
1031203
1031233
1031235
1031296
1031308
1031316
1031516
1031623
1031927
1032033
1032208
1032220
1032975
1033012
1033767
1033905
1034054
1034594
1034665
1034670
1034760
1034842
1034957
1034983
1035002
1035092
1035201
1035267
1035354
1035422
1035443
1035748
1035976
1035983
1036030
1036044
1036141
1036188
1036262
1036960
1037038
1037390
1037540
1037646
1037676
1037760
1037868
1037976
1038074
1038133
1038143
1038190
1038205
1038222
1038277
1038357
1038572
1038683
1038773
1039065
1039101
1039280
1039399
1039610
1039684
1039765
1039828
1040130
1040161
1040426
1040470
1040573
1040593
1040719
1040792
1040799
1040829
1040896
1040971
1041024
1041061
1041130
1041177
1041368
1041379
1041514
1041550
1041657
1041668
1041792
1041803
1041844
1041859
1041934
1042046
1042074
1042187
1042418
1042729
1042773
1042776
1042810
1042893
1043000
1043150
1043186
1043219
1043277
1043337
1043509
1043604
1043894
1043956
1043961
1044378
1044777
1045126
1045309
1045425
1045450
1045520
1045609
1045610
1045742
1045810
1045942
1045986
1046025
1046050
1046102
1046179
1046203
1046257
1046311
1046327
1046568
1046995
1047122
1047127
1047166
1047170
1047335
1047340
1047459
1047716
1047862
1047884
1048268
1048286
1048477
1048695
1048911
1049502
1049521
1049606
1049659
1049724
1049782
1050007
1050140
1050377
1050441
1050446
1050606
1050743
1050797
1050825
1050915
1051003
1051004
1051343
1051470
1051512
1051514
1051627
1051741
1051827
1051828
1051829
1051830
1052054
1052100
1052354
1052595
1052635
1052636
1052752
1053008
1053092
1053112
1053352
1053369
1053374
1053507
1053532
1053584
1053650
1053691
1053706
1053988
1054102
1054274
1054374
1054721
1054905
1055160
1055454
1055616
1055617
1055618
1055726
1056087
1056239
1056288
1056358
1056386
1056696
1056903
1056923
1056943
1057058
1057060
1057083
1057352
1057379
1057706
1057708
1057791
1057861
1057877
1057997
1058057
1058090
1058234
1058239
1058290
1058299
1058307
1058623
1058811
1058867
1059142
1059213
1059262
1059272
1059376
1059377
1059378
1059386
1059556
1059562
1059689
1059784
1059790
1060009
1060219
1060349
1060386
1060391
1060392
1060523
1060736
1060822
1060955
1061027
1061040
1061069
1061219
1061353
1061574
1061612
1061630
1061736
1061894
1061983
1062047
1062066
1062231
1062292
1062438
1062449
1062506
1062579
1062613
1062781
1062822
1062978
1063250
1063259
1063344
1063537
1063761
1064052
1064641
1064642
1064728
1065059
1065078
1065087
1065088
1065201
1065280
1065332
1065521
1065696
1065823
1065837
1065860
1065865
1066104
1066116
1066119
1066130
1066194
1066247
1066605
1066684
1066764
1066923
1067063
1067294
1067318
1067428
1067491
1067701
1067837
1067839
1067983
1068689
1068851
1068875
1068897
1068963
1069157
1069183
1069202
1069258
1069308
1069336
1069394
1069530
1069533
1069878
1069899
1069996
1070050
1070081
1070154
1070235
1070296
1070304
1070336
1070412
1070423
1070494
1070524
1070680
1070698
1070732
1070750
1070789
1070985
1071058
1071236
1071255
1071264
1071321
1071371
1071411
1071438
1071739
1071840
1071993
1072379
1072397
1072627
1072725
1073349
1073404
1073429
1073475
1074540
1074685
1074686
1074687
1074688
1074690
1074691
1074692
1074769
1074828
1074871
1074902
1074952
1075124
1075415
1075531
1075607
1075706
1075736
1075822
1075880
1076378
1076481
1076682
1076691
1076930
1076939
1077183
1077428
1077618
1077640
1077688
1077771
1078075
1078099
1078207
1078271
1078716
1079577
1080014
1080056
1080319
1080340
1080448
1080657
1080709
1080720
1081078
1081745
1081834
1081938
1082038
1082324
1082506
1082526
1082554
1082733
1082754
1082923
1083220
1083269
1083301
1083318
1083446
1083468
1083490
1083522
1083643
1083689
1083743
1083839
1084048
1084201
1084267
1084384
1084475
1084551
1084554
1084577
1084580
1084717
1084752
1084765
1084869
1084937
1084961
1084991
1085243
1085277
1085706
1085869
1085913
1085921
1086222
1086303
1086434
1086600
1086745
1086754
1086888
1086909
1087294
1087423
1087456
1087711
1087934
1088034
1088162
1088166
1088413
1088825
1088856
1089063
1089094
1089113
1089143
1089511
1089748
1089815
1089819
1089872
1089907
1090009
1090012
1090061
1090116
1090159
1090372
1090396
1090425
1090727
1090872
1090908
1091171
1091223
1091325
1091326
1091587
1091596
1091667
1091748
1091862
1091883
1091907
1092289
1092570
1092662
1092699
1092796
1092896
1093082
1093207
1093428
1093557
1093672
1093691
1094005
1094032
1094038
1094285
1094324
1094348
1094366
1094392
1094517
1094739
1094810
1094831
1094972
1095052
1095073
1095146
1095277
1095291
1095315
1095348
1095357
1095435
1095565
1095595
1095651
1095858
1095981
1095996
1096056
1096275
1096296
1096325
1096343
1096376
1096385
1096752
1096934
1096938
1097149
1097362
1097864
1098009
1098146
1098151
1098462
1098482
1098972
1099160
1099219
1099234
1099290
1099369
1099590
1099668
1099800
1099941
1100270
1100397
1100412
1100441
1100663
1100682
1100917
1101026
1101215
1101239
1101302
1101396
1101433
1101680
1102112
1102238
1102266
1102541
1102934
1102993
1103021
1103090
1103601
1103795
1103833
1103837
1103838
1103982
1104038
1104188
1104349
1104485
1104506
1104657
1104855
1105101
1105184
1105472
1105533
1105705
1106213
1106215
1106644
1106838
1106851
1106861
1107280
1107421
1107457
1107694
1107843
1108109
1108134
1108205
1108236
1108248
1108320
1108329
1108426
1108524
1108827
1108967
1109116
1109138
1109189
1109196
1109242
1109262
1109345
1109354
1109357
1109546
1110607
1110611
1110646
1110647
1110649
1110650
1110783
1110803
1110805
1111335
1111485
1111665
1111711
1111741
1111863
1111928
1112920
1113148
1113152
1113169
1113232
1113256
1113313
1113423
1113481
1113809
1113866
1114220
1114445
1114446
1114448
1114483
1114700
1114859
1114925
1114927
1114936
1114995
1115128
1115222
1115836
1115837
1115864
1116132
1116284
1116463
1116578
1116942
1117057
1117106
1117228
1117297
1117480
1117733
1117795
1118004
1118037
1118237
1118417
1119083
1119190
1119639
1119643
1119769
1119774
1119949
1119985
1120193
1120295
1120370
1120914
1120970
1121142
1121404
1121484
1121702
1121788
1121795
1122020
1122051
1122063
1122304
1122342
1122388
1122391
1122411
1122491
1122897
1122904
1122976
1122993
1123134
1123267
1123270
1123316
1123360
1123452
1123494
1123596
1123658
1123799
1123979
1124105
1124198
1124224
1124225
1124228
1124524
1124610
1124796
1124804
1124827
1124941
1124959
1125259
1125345
1125376
1125920
1126113
1126234
1126328
1126741
1126874
1126956
1126975
1127160
1127248
1127371
1127475
1127537
1127703
1127706
1128173
1128189
1128252
1128281
1128361
1128725
1128928
1129137
1129155
1129260
1129633
1129928
1130144
1130166
1130310
1130464
1130466
1130469
1130591
1130598
1130713
1130781
1131062
1131096
1131227
1131312
1131324
1131343
1131383
1131399
1131554
1131903
1132105
1132509
1132597
1132651
1132924
1133062
1133311
1133416
1133421
1133470
1133478
1133519
1133798
1133818
1133869
1134115
1134765
1134982
1135152
1135185
1135657
1135906
1135951
1135971
1136174
1136294
1136352
1136808
1136869
1136893
1137091
1137360
1137392
1137411
1137440
1137547
1137774
1137789
1137883
1137887
1137888
1138118
1138476
1138586
1138639
1138723
1138776
1138867
1138951
1138978
1139191
1139193
1139197
1139206
1139208
1139209
1139414
1139685
1139812
1140022
1140098
1140102
1140215
1140310
1140392
1140410
1140411
1140467
1140536
1140625
1140859
1141107
1141197
1141240
1141284
1141391
1141476
1141688
1141807
1141964
1142231
1142417
1142596
1142701
1142750
1143068
1143155
1143313
1143362
1143513
1143578
1143994
1144215
1144354
1144392
1144503
1144519
1144800
1144879
1144967
1144980
1145057
1145197
1145255
1145460
1145604
1145986
1156039
1156041
1156375
1156388
1157063
1157070
1157075
1157136
1157138
1157155
1157159
1157166
1157168
1157225
1157377
1157408
1157557
1157601
1157602
1157647
1157806
1157817
1157842
1157987
1158041
1158114
1158172
1158289
1158324
1158399
1158420
1158449
1158463
1158659
1158660
1158661
1158662
1158780
1158822
1158838
1158863
1158895
1159036
1159038
1159039
1159040
1159152
1159154
1159281
1159508
1159510
1160106
1160308
1160330
1160420
1160661
1160791
1160846
1160864
1160951
1160958
1160990
1161125
1161154
1161167
1161611
1161728
1161814
1162027
1162028
1162112
1162194
1162283
1162421
1162461
1162556
1162716
1162717
1162896
1163165
1163199
1163302
1163370
1163371
1163389
1163420
1163609
1163653
1163668
1163739
1163792
1164009
1164727
1164771
1164863
1165002
1166003
1166126
1166258
1166272
1166380
1166387
1166388
1166663
1166691
1166708
1166928
1167379
1167419
1167467
1167470
1167581
1167583
1167831
1168054
1168164
1168213
1168455
1168696
1168981
1169028
1169029
1169031
1169034
1169138
1169245
1169445
1169446
1169486
1169561
1169652
1169717
1169760
1169770
1169987
1169988
1170010
1170299
1170300
1170311
1170534
1170858
1170991
1171008
1171012
1171014
1171106
1171155
1171264
1171326
1171471
1171486
1171662
1171759
1171825
1171838
1172052
1172069
1172136
1172139
1172168
1172178
1172222
1172358
1172631
1172724
1173204
1173281
1173293
1173313
1173382
1173420
1173431
1173489
1173514
1173557
1173643
1173911
1174164
1174169
1174174
1174511
1174610
1174850
1174891
1174922
1174940
1175151
1175454
1175483
1175505
1175535
1175580
1175596
1175609
1175680
1176197
1176199
1176309
1176316
1176334
1176373
1176433
1176948
1176984
1177161
1177162
1177219
1177394
1177609
1177648
1177702
1177845
1178104
1178253
1178526
1178660
1178670
1178697
1178711
1178727
1178819
1178839
1178840
1178841
1178946
1178970
1179060
1179755
1179821
1179929
1180079
1180145
1180262
1181024
1181026
1181249
1181250
1181412
1181504
1181505
1181506
1183765
1185348
1187953
1189740
1190370
1190723
1190935
1191070
1191255
1191832
1192323
1192448
1195734
1195737
1195738
1195739
1195933
1196298
1196501
1196707
1196867
1196869
1196871
1196872
1196874
1196875
1196876
1196877
1199004
1199046
1199392
1200375
1200446
1201792
1202806
1203464
1204413
1205922
1206264
1207074
1207179
1208208
1208211
1208261
1209028
1209466
1210123
1210227
1210307
1210310
1210618
1210677
1210708
1211351
1211583
1211805
1212458
1212545
1213037
1213660
1213809
1214816
1214935
1215913
1215944
1216583
1216596
1217234
1218683
1219120
1219360
1219601
1220754
1221029
1221232
1221715
1222333
1222401
1222719
1222840
1222922
1223026
1223389
1223786
1223862
1224133
1224450
1224462
1224544
1224608
1226308
1226616
1227025
1227073
1227282
1227476
1227500
1227636
1227654
1227857
1227862
1228454
1228509
1228627
1230058
1230245
1230276
1230524
1230869
1230992
1231346
1231457
1232384
1232524
1232582
1232768
1232860
1232863
1233087
1233681
1234006
1235007
1235010
1235468
1235511
1235912
1236275
1236997
1237746
1237831
1239188
1243429
1244183
1244937
1245005
1245007
1245008
1245648
1251769
1252849
1253176
1253317
1253327
1253689
1253986
1254370
1254419
1254435
1254595
1254699
1255474
1255821
1257640
1258417
1258602
1258623
1258943
1259429
1259515
1259708
1259942
1260041
1260221
1260563
1260729
1260833
1260968
1260990
1261002
1261166
1261249
1261333
1261654
1261694
1261788
1262039
1262104
1262279
1262823
1262959
1262976
1263043
1263364
1263762
1263994
1264089
1264136
1264202
1264587
1265131
1265521
1265572
1265708
1265888
1266585
1266806
1267130
1267238
1267332
1267395
1267565
1267602
1267813
1267890
1267902
1268533
1268884
1268896
1269021
1269026
1269238
1270073
1270131
1270436
1270523
1271024
1271214
1271554
1271618
1272550
1272830
1272842
1273441
1273636
1273685
1273801
1273813
1273931
1274032
1274152
1274173
1274494
1274644
1274737
1274792
1275014
1275101
1275158
1275168
1275187
1275214
1275229
1275283
1275477
1275617
1276187
1276469
1276520
1276533
1276591
1277250
1277575
1277856
1277866
1277902
1278021
1278027
1278211
1278460
1278680
1278752
1278895
1279014
1279363
1279495
1279620
1279704
1279715
1279944
1279956
1279967
1280058
1280263
1280452
1280600
1280776
1280784
1281721
1281761
1281774
1281895
1281922
1281926
1281984
1282224
1282266
1282571
1282631
1282637
1282648
1282850
1282957
1282977
1282980
1283140
1283316
1283337
1283464
1283582
1283596
1283598
1283601
1283602
1283630
1283699
1283843
1284143
1284237
1284807
1284812
1284940
1285137
1285170
1285224
1285550
1285650
1285785
1285786
1285819
1285828
1285890
1286043
1286131
1286139
1286225
1286405
1286597
1286613
1286681
1286973
1287032
1287098
1287151
1287213
1287480
1287498
1287750
1287808
1287865
1288268
1288359
1288403
1288469
1288770
1288795
1288847
1288855
1288992
1289213
1289223
1289236
1289244
1289308
1289340
1289419
1289460
1289490
1289636
1289790
1289838
1289848
1289850
1289868
1289877
1289945
1290109
1290149
1290476
1290658
1290677
1290877
1290900
1290903
1291313
1291334
1291361
1291733
1291855
1292490
1292519
1292653
1293135
1293310
1293413
1293525
1293593
1293613
1293818
1293971
1294016
1294133
1294250
1294404
1294435
1294683
1294808
1294924
1295228
1295401
1295484
1295514
1295810
1295947
1295961
1296205
1296250
1296435
1296445
1296484
1296774
1297107
1297184
1297336
1297341
1297401
1297587
1297704
1297937
1297989
1297996
1298675
1298716
1298946
1299033
1299130
1299139
1299393
1299709
1299969
1300050
1300306
1300391
1300482
1300485
1300514
1300699
1300734
1301031
1301106
1301236
1301501
1301611
1301787
1301854
1302028
1302215
1302251
1302343
1302350
1302362
1302387
1302573
1302624
1303313
1303523
1303652
1303942
1304161
1304409
1304421
1304492
1304741
1305014
1305168
1305197
1305253
1305294
1305323
1305767
1305773
1306550
1306830
1306900
1306965
1307579
1307748
1307752
1307926
1307954
1308027
1308106
1308161
1308208
1308335
1308547
1308606
1308648
1308858
1308927
1309082
1309108
1309167
1309251
1309402
1310067
1310114
1310227
1310445
1310488
1310630
1310709
1311068
1311230
1311241
1311307
1311370
1311538
1311596
1311605
1311673
1312073
1312109
1313275
1313310
1313510
1313536
1314052
1314102
1314152
1314196
1314223
1314475
1314497
1314498
1314499
1314502
1314503
1314506
1314508
1314511
1314512
1314513
1314514
1314727
1314772
1314966
1315098
1315255
1315257
1315399
1316016
1316317
1316360
1316463
1316625
1316645
1316835
1316898
1317080
1317295
1317630
1317685
1317945
1318008
1318025
1318084
1318220
1318268
1318281
1318342
1318482
1318484
1318568
1318596
1318605
1318641
1318885
1319150
1319161
1319183
1319229
1319947
1320350
1320375
1320414
1320461
1320659
1320760
1320854
1320947
1321646
1321655
1321732
1321741
1321834
1321847
1321851
1322422
1322435
1322436
1322439
1322505
1322554
1322652
1323206
1323404
1323468
1323648
1323885
1323993
1324189
1324245
1324272
1324404
1324410
1324424
1324759
1324772
1324948
1325159
1325281
1325618
1325670
1325702
1325879
1325955
1325964
1326003
1326089
1326110
1326160
1326190
1326200
1326205
1326380
1326390
1326428
1326583
1326706
1326732
1326801
1327068
1327467
1327471
1327567
1327607
1327688
1327811
1327978
1328015
1328143
1328237
1328409
1328571
1328581
1328598
1328792
1328798
1328919
1329099
1329213
1329365
1329377
1329388
1329394
1329606
1329842
1330306
1330421
1330436
1330568
1330622
1330849
1331284
1331301
1331421
1331520
1331745
1331875
1332174
1332283
1332349
1332551
1332639
1332943
1333141
1333170
1333172
1333274
1333493
1333621
1333822
1333835
1333986
1334036
1334325
1334388
1334478
1334933
1334978
1335105
1335112
1335258
1335288
1335730
1336050
1336364
1336691
1336706
1336917
1336920
1337013
1337068
1337090
1337117
1337298
1337553
1337619
1337634
1338042
1338065
1338095
1338561
1338749
1338929
1338940
1339005
1339048
1339469
1339605
1339688
1339947
1339970
1340127
1340476
1340652
1340677
1340736
1340786
1340909
1341141
1341170
1341235
1341317
1341318
1341335
1341439
1341766
1341878
1342068
1342126
1342287
1342325
1342338
1342423
1342874
1342916
1342958
1343009
1343034
1343304
1343465
1343491
1343719
1343793
1344376
1344413
1344596
1344980
1345016
1345099
1345105
1345126
1345801
1345865
1346022
1346287
1346302
1346610
1346830
1346917
1346980
1347123
1347178
1347242
1347408
1347426
1347557
1347613
1347652
1347858
1348036
1348259
1348324
1348334
1348362
1348649
1348952
1349436
1349437
1349706
1349929
1350102
1350156
1350381
1350487
1350489
1350593
1350653
1350869
1351172
1351285
1351288
1351413
1351541
1351636
1352010
1352952
1353226
1353283
1353487
1353611
1353612
1353613
1353614
1353615
1353616
1353970
1354174
1354192
1354195
1354200
1354225
1354327
1354341
1354371
1354457
1354458
1354473
1354476
1354477
1354494
1354495
1354496
1354497
1354498
1354513
1354730
1354866
1354917
1355042
1355096
1355444
1355736
1355754
1355786
1355790
1355839
1355848
1356090
1356093
1356115
1356284
1356371
1356570
1356576
1356914
1356949
1357204
1357371
1357450
1357459
1357615
1357660
1357671
1357874
1357971
1358071
1358190
1358356
1358403
1358483
1358633
1358762
1358831
1359057
1359519
1359555
1359711
1359841
1359931
1360214
1360329
1360442
1360530
1360565
1360604
1360683
1360886
1360901
1361113
1361538
1361658
1361937
1361983
1362004
1362190
1362468
1362481
1362516
1362705
1362718
1362898
1362925
1362959
1362988
1363421
1363438
1363598
1363829
1363890
1364089
1364099
1364125
1364128
1364250
1364252
1364479
1364608
1364728
1364742
1364856
1364885
1364954
1364962
1365038
1365101
1365135
1365216
1365357
1365359
1365388
1365555
1365662
1365742
1365767
1365916
1366246
1366340
1366367
1366527
1366561
1366726
1366868
1367064
1367083
1367305
1367306
1367311
1367644
1367859
1367920
1367993
1368148
1368265
1368308
1368365
1368458
1368493
1368514
1368519
1368622
1368845
1368993
1369085
1369241
1369290
1369786
1369817
1369868
1370053
1370416
1370418
1370450
1370637
1370702
1370755
1370816
1370880
1370946
1371128
1371217
1371285
1371446
1371489
1371541
1372114
1372117
1372183
1372299
1372414
1372514
1372612
1372807
1372920
1373060
1373206
1373561
1373670
1373707
1373715
1373835
1374128
1374310
1374328
1374339
1374535
1374567
1374684
1374690
1375063
1375151
1375205
1375340
1375348
1375365
1375387
1375557
1375686
1375796
1375829
1375877
1376139
1376227
1376231
1376321
1376339
1376793
1376804
1376972
1376986
1377013
1377121
1377149
1377167
1377630
1377757
1377789
1377936
1378125
1378140
1378239
1378325
1378453
1378564
1378590
1378624
1378701
1378706
1378718
1378789
1378866
1378872
1378946
1378950
1378992
1379006
1379041
1379384
1379400
1379404
1379438
1379606
1379661
1379785
1379895
1380106
1380393
1380509
1380846
1380936
1381074
1381197
1381531
1381640
1381668
1382101
1382158
1382219
1382230
1382298
1382574
1382664
1382821
1382911
1383054
1383055
1383057
1383058
1383062
1383082
1383084
1383097
1383149
1383151
1383154
1383183
1383312
1383395
1383414
1383441
1383496
1383650
1383701
1383803
1383871
1383951
1384032
1384072
1384101
1384195
1384365
1384710
1384831
1384905
1385157
1385228
1385280
1385292
1385508
1385544
1385590
1385598
1385613
1385632
1385763
1385818
1385849
1385867
1386044
1386067
1386278
1386301
1386570
1386716
1386926
1387327
1387328
1387329
1387332
1387333
1387334
1387335
1387467
1387473
1387637
1388126
1388133
1388141
1388195
1388295
1388320
1388430
1388658
1388994
1389002
1389050
1389072
1389170
1389207
1389545
1389936
1390162
1390195
1390312
1390352
1390478
1390777
1390844
1391127
1391135
1391426
1391437
1391461
1391933
1392091
1392272
1392326
1392380
1392449
1392694
1392972
1392994
1393020
1393052
1393066
1393299
1393311
1393434
1393584
1393612
1393662
1393726
1393772
1393781
1393818
1393883
1394029
1394039
1394056
1394074
1394108
1394156
1394189
1394319
1394638
1394832
1395005
1395057
1395064
1395213
1395325
1395627
1395848
1395937
1395942
1396009
1396033
1396167
1396247
1396277
1396279
1396282
1396440
1396446
1396502
1396536
1396814
1396877
1396878
1397016
1397047
1397113
1397173
1397183
1397187
1397516
1397616
1397702
1397795
1397911
1398659
1398713
1398733
1398805
1398987
1399249
1399250
1399520
1399529
1399584
1399708
1399855
1399935
1400118
1400271
1400438
1400810
1400891
1400897
1401040
1401257
1401395
1401521
1401667
1401680
1401708
1401835
1401914
1402057
1402281
1402328
1402388
1402436
1402453
1402479
1402829
1402902
1403085
1403161
1403256
1403275
1403385
1403431
1403475
1403528
1403568
1403708
1403752
1403853
1403870
1404079
1404123
1404281
1404353
1404593
1404644
1404655
1404804
1404912
1404973
1405073
1405198
1405277
1405495
1405503
1405513
1405528
1405658
1406234
1406468
1406587
1406666
1406944
1407067
1407190
1407298
1407582
1407583
1407595
1407623
1407704
1407739
1407973
1408075
1408100
1408146
1408198
1408201
1408278
1408356
1408443
1408534
1408710
1408970
1409036
1409171
1409197
1409253
1409269
1409375
1409447
1409493
1409916
1409970
1410056
1410098
1410384
1410428
1410636
1410708
1410738
1410939
1411057
1411059
1411158
1411207
1411303
1411342
1411488
1411494
1411574
1411579
1411685
1411688
1411690
1411906
1412043
1412067
1412095
1412100
1412126
1412232
1412270
1412347
1412350
1412408
1412486
1412502
1412558
1412615
1412707
1412914
1413119
1413159
1413257
1413263
1413329
1413447
1413507
1413745
1413837
1413855
1413891
1413898
1414040
1414374
1414382
1414475
1414767
1414850
1414932
1414953
1415020
1415301
1415311
1415332
1415336
1415397
1415404
1415624
1415726
1415744
1415758
1415845
1415916
1415921
1415995
1416090
1416265
1416697
1416792
1416876
1417398
1417663
1417802
1417835
1417892
1417926
1418076
1418091
1418100
1418121
1418133
1418135
1418144
1418149
1418819
1419041
1419242
1419275
1419336
1419465
1419521
1419536
1419554
1419581
1419582
1419600
1419612
1419625
1419793
1419806
1419828
1419852
1419945
1419951
1420049
1420108
1420302
1420368
1420520
1420525
1420529
1420565
1420720
1420783
1420798
1420800
1420811
1420924
1421182
1421461
1421517
1421642
1421876
1422109
1422142
1422143
1422183
1422532
1422841
1422892
1422930
1423210
1423221
1423542
1423689
1423774
1423824
1423867
1423869
1423902
1424182
1424212
1424657
1424755
1424768
1424844
1424864
1424879
1424929
1424958
1425061
1425205
1425287
1425292
1425355
1425450
1425565
1425627
1425965
1425966
1426332
1426439
1426800
1426945
1427437
1427570
1427644
1427728
1427901
1427925
1427943
1428205
1428336
1428439
1428522
1428669
1428875
1429260
1429386
1429393
1429560
1429764
1429937
1430162
1430259
1430300
1430306
1430592
1430602
1430723
1430725
1431372
1431567
1431695
1431852
1431959
1432133
1432150
1432196
1432353
1432364
1432588
1432732
1433087
1433195
1433270
1433309
1433551
1433607
1433609
1433611
1433642
1433660
1433714
1433994
1434265
1434316
1434418
1434524
1434588
1434601
1434614
1434620
1434621
1434647
1434728
1434729
1434740
1434754
1434842
1435049
1435064
1435508
1435617
1436126
1436208
1436229
1436425
1436549
1436741
1436778
1437071
1437107
1437213
1437226
1437249
1437260
1437283
1437352
1437402
1437424
1437441
1437462
1437476
1437479
1437491
1437517
1437557
1437578
1437672
1437712
1437750
1437786
1437925
1437958
1438133
1438423
1438461
1438472
1438533
1438569
1438644
1438656
1438893
1438943
1439095
1439124
1439222
1439264
1439288
1439404
1439567
1439725
1440024
1440292
1440799
1440972
1441236
1441634
1441683
1441693
1441816
1441849
1442145
1442236
1442492
1442596
1442620
1442626
1442651
1442741
1442836
1443575
1443611
1443646
1443669
1443799
1443863
1444192
1444307
1444363
1444380
1444406
1444839
1445162
1445211
1445214
1445283
1445305
1445467
1445499
1445815
1445930
1446159
1446250
1446371
1446420
1446519
1446589
1446597
1446714
1446847
1446962
1447028
1447051
1447100
1447101
1447108
1447221
1447362
1447380
1447382
1447391
1447599
1447669
1447956
1447960
1448038
1448056
1448301
1448397
1448431
1448611
1448705
1448893
1449278
1449349
1449488
1449664
1449732
1449792
1449794
1449877
1450011
1450159
1450346
1450445
1450468
1450501
1450704
1450894
1450922
1450923
1451448
1451505
1451512
1451561
1451809
1452011
1452477
1452575
1452583
1452751
1452804
1452936
1452937
1452965
1453015
1453122
1453593
1453687
1453814
1453818
1453932
1454021
1454144
1454147
1454389
1454475
1454741
1454742
1454789
1454938
1454978
1454979
1454980
1454981
1455365
1455632
1455650
1455684
1455863
1455886
1456016
1456189
1456346
1456772
1458412
1458696
1458891
1458962
1459188
1459200
1459334
1459417
1459839
1459862
1460235
1460329
1460447
1460602
1460702
1461119
1461640
1461755
1461993
1462056
1462120
1462223
1462418
1462586
1462633
1463000
1463101
1463172
1463208
1463258
1463361
1463833
1463959
1463972
1463978
1464165
1464343
1464413
1464423
1464521
1464591
1464790
1464865
1464963
1465128
1465311
1465740
1465885
1466026
1466085
1466258
1466292
1466301
1466538
1466593
1466815
1467076
1467093
1467154
1467373
1467623
1467652
1467760
1467761
1467808
1467831
1467858
1468010
1468091
1468174
1468327
1468328
1468492
1468522
1468639
1468642
1468666
1468748
1468929
1468944
1468978
1469059
1469134
1469367
1469372
1469392
1469395
1469443
1469510
1469822
1470099
1470129
1470205
1470215
1470419
1470683
1471055
1471261
1471265
1471420
1471727
1471781
1471824
1472012
1472033
1472072
1472091
1472215
1472326
1472341
1472343
1472466
1472494
1472595
1472787
1472879
1473078
1473334
1473490
1473844
1474098
1474167
1474432
1474439
1474464
1474627
1474735
1474777
1474835
1474903
1474968
1475260
1475274
1475348
1475841
1475922
1476034
1476045
1476150
1476170
1476204
1476264
1476651
1476765
1476840
1476963
1477009
1477049
1477081
1477200
1477201
1477294
1477333
1477425
1477449
1477641
1477720
1477815
1477818
1477821
1477822
1477845
1477960
1478069
1478102
1478121
1478242
1478320
1478454
1478482
1478726
1478888
1479026
1479094
1479238
1479247
1479290
1479419
1479480
1479599
1479615
1479681
1479750
1480170
1480999
1481028
1481045
1481241
1481443
1481504
1481512
1481513
1481582
1481646
1481792
1481832
1481857
1482430
1482436
1482512
1482541
1482554
1482974
1482981
1483096
1483195
1483386
1483510
1483830
1483934
1483994
1484018
1484504
1484565
1484612
1484674
1484769
1484778
1484949
1485176
1485469
1485538
1485894
1486159
1486298
1486299
1486749
1486800
1486957
1487052
1487091
1487101
1487139
1487197
1487198
1487326
1487371
1487428
1487610
1487615
1487712
1487718
1487730
1487782
1487798
1487811
1487839
1487843
1487918
1487952
1487986
1488039
1488075
1488139
1488479
1488613
1488775
1488813
1488917
1489024
1489079
1489088
1489136
1489147
1489300
1489393
1489874
1489979
1489993
1490013
1490054
1490078
1490161
1490165
1490281
1490286
1490349
1490366
1490630
1490636
1490660
1490873
1490892
1490906
1490978
1490983
1491419
1491434
1491487
1491576
1491675
1491778
1491978
1492074
1492165
1492298
1492422
1492426
1492448
1492617
1492633
1492658
1492674
1492691
1492869
1492915
1492966
1493130
1493137
1493225
1493318
1493507
1493523
1493566
1493580
1493594
1493683
1493712
1493761
1493976
1494191
1494259
1494319
1494413
1494530
1494538
1494558
1494582
1494650
1494728
1494891
1494904
1495153
1495222
1495231
1495240
1495320
1495479
1495491
1495584
1495651
1495730
1495825
1495922
1495932
1496048
1496099
1496254
1496264
1496292
1496323
1496371
1496443
1496454
1496631
1496671
1496690
1496749
1496919
1496963
1497186
1497230
1497253
1497275
1497504
1497645
1497649
1497770
1498021
1498067
1498068
1498148
1498233
1498301
1498311
1498372
1498382
1498403
1498542
1498547
1498576
1498612
1498710
1498828
1499422
1499453
1499494
1499505
1499543
1499619
1499620
1499655
1499717
1499744
1499780
1499781
1499807
1499832
1499849
1499934
1499961
1500096
1500198
1500213
1500217
1500252
1500375
1500412
1500435
1500604
1500620
1500689
1500836
1500866
1500881
1501072
1501078
1501103
1501134
1501364
1501570
1501585
1501697
1501729
1501756
1501775
1501796
1501825
1501989
1502034
1502154
1502292
1502366
1502377
1502557
1502573
1502711
1502749
1502758
1502916
1502966
1503123
1503154
1503274
1503290
1503584
1503658
1503707
1503802
1503812
1504008
1504122
1504167
1504234
1504379
1504461
1504545
1504619
1504678
1504747
1504764
1504776
1504796
1505065
1505155
1505187
1505413
1505497
1505512
1505611
1505732
1505880
1505890
1505952
1506001
1506184
1506213
1506251
1506289
1506293
1506307
1506401
1506439
1506488
1506492
1506721
1506756
1506928
1506929
1506983
1507051
1507079
1507277
1507385
1507563
1507605
1507615
1507881
1507934
1507957
1507964
1507986
1508033
1508171
1508381
1508475
1508478
1508655
1508786
1508844
1508913
1509190
1509223
1509228
1509253
1509261
1509273
1509397
1509432
1509470
1509570
1509589
1509646
1509705
1509745
1509892
1509957
1509986
1509991
1510295
1510337
1510400
1510487
1510580
1510593
1510599
1510964
1511071
1511198
1511337
1511683
1511699
1511737
1511820
1512074
1512077
1512138
1512228
1512303
1512499
1512673
1512717
1512762
1512886
1512920
1512922
1512931
1513331
1513332
1513363
1513525
1513761
1513789
1513845
1513856
1513965
1514128
1514131
1514183
1514242
1514281
1514416
1514443
1514490
1514597
1514705
1514732
1514743
1514860
1514946
1514991
1515139
1515156
1515317
1515324
1515671
1515673
1515816
1515940
1515964
1515980
1516212
1516323
1516324
1516479
1516513
1516534
1516535
1516536
1516551
1516899
1516912
1516973
1517006
1517022
1517130
1517175
1517228
1517302
1517342
1517375
1517389
1517396
1517399
1517401
1517413
1517492
1517496
1517518
1517650
1517681
1517767
1517936
1518042
1518171
1518222
1518336
1518461
1518542
1518557
1518621
1518715
1518832
1519061
1519401
1519405
1519449
1519469
1519472
1519505
1519751
1520006
1520048
1520118
1520262
1520300
1520358
1520504
1520556
1520566
1520697
1520744
1521036
1521168
1521332
1521404
1521847
1521945
1521951
1522327
1522420
1522540
1522602
1522690
1522699
1522727
1522767
1522807
1522860
1523289
1523404
1523836
1523854
1523872
1524025
1524190
1524223
1524326
1524358
1524472
1524513
1524566
1524607
1524684
1524741
1524769
1524931
1525201
1525221
1525287
1525306
1525494
1525759
1525769
1525773
1525998
1526104
1526113
1526119
1526125
1526160
1526243
1526329
1526475
1526520
1526629
1526697
1526787
1526796
1526952
1527038
1527096
1527166
1527352
1527383
1527428
1527469
1527508
1527541
1527590
1527599
1527613
1527622
1527636
1527702
1527709
1527728
1527753
1527762
1528115
1528129
1528172
1528188
1528287
1528356
1528396
1528437
1528557
1528558
1528811
1528837
1528843
1528849
1528930
1528985
1528988
1529113
1529192
1529274
1529377
1529390
1529463
1529628
1529864
1529906
1530185
1530238
1530249
1530425
1530721
1530746
1530766
1530804
1530950
1530979
1531031
1531048
1531152
1531177
1531193
1531375
1531978
1532063
1532079
1532173
1532175
1532286
1532346
1532383
1532390
1532619
1532750
1532930
1532961
1532981
1533040
1533082
1533232
1533454
1533526
1533546
1533615
1533743
1533924
1533932
1533998
1534120
1534126
1534133
1534154
1534248
1534254
1534281
1534287
1534293
1534504
1534525
1534675
1534701
1534708
1534880
1534969
1534992
1535031
1535365
1535379
1535527
1535628
1535759
1535778
1535929
1535955
1536196
1536577
1536787
1536811
1537028
1537054
1537058
1537063
1537137
1537140
1537317
1537435
1537543
1537667
1537917
1538189
1538210
1538217
1538263
1538267
1538375
1538379
1538495
1538716
1538789
1538822
1538847
1538849
1538927
1538990
1539029
1539190
1539337
1539638
1539680
1539838
1539850
1539894
1540042
1540159
1540171
1540184
1540305
1540684
1540729
1540755
1540947
1541119
1541133
1541157
1541190
1541401
1542299
1542447
1542563
1542565
1543151
1543198
1543199
1543268
1543309
1543418
1543637
1543643
1543652
1543916
1543989
1544088
1544206
1544227
1544229
1544379
1544522
1544770
1544883
1545057
1545224
1545236
1545391
1545440
1545654
1545772
1545851
1546066
1546296
1546381
1546383
1546417
1546429
1546609
1546640
1546652
1546853
1547158
1547341
1547452
1547459
1547546
1547576
1547580
1547638
1547870
1547903
1547950
1547994
1548187
1548237
1548309
1548536
1548717
1548958
1548981
1549084
1549107
1549145
1549346
1549595
1549631
1549756
1549802
1549848
1549872
1549922
1549966
1550020
1550405
1550453
1550603
1550910
1550913
1551030
1551040
1551047
1551060
1551152
1551182
1551306
1551468
1551693
1551739
1551901
1551949
1551950
1551975
1551986
1552000
1552033
1552087
1552189
1552198
1552275
1552448
1552451
1552670
1552700
1552740
1552795
1552797
1552800
1552890
1552947
1553023
1553079
1553264
1553467
1553588
1553643
1553788
1553846
1554625
1554697
1554818
1554859
1554875
1555017
1555039
1555177
1555279
1555280
1555365
1555492
1555538
1555815
1555980
1556266
1556336
1556364
1556593
1556727
1556739
1556748
1556766
1556801
1556898
1557127
1557142
1557157
1557255
1557376
1557421
1557440
1557523
1557746
1557798
1557860
1557883
1557915
1558303
1558368
1558569
1558583
1558629
1558740
1559053
1559109
1559432
1559720
1559865
1559909
1559991
1559992
1559998
1560143
1560186
1560241
1560258
1560293
1560327
1560385
1560653
1560672
1560968
1561032
1561387
1561550
1561566
1561627
1561660
1561694
1561743
1561861
1561894
1561921
1562039
1562051
1562088
1562151
1562214
1562294
1562296
1562401
1562463
1562476
1562528
1562530
1562565
1562594
1562733
1562767
1562805
1562818
1562823
1562834
1563190
1563407
1563411
1563568
1563577
1563665
1563696
1563699
1563756
1563855
1563880
1564180
1564216
1564406
1564408
1564538
1564540
1564584
1564618
1564657
1564708
1564822
1564824
1564902
1565025
1565037
1565146
1565160
1565228
1565337
1565381
1565687
1566044
1566049
1566073
1566373
1566388
1566445
1566469
1566610
1566826
1566844
1566897
1566912
1567094
1567264
1567345
1567514
1567526
1567529
1567569
1567663
1567683
1567892
1567900
1567925
1568100
1568162
1568194
1568292
1568385
1568628
1568651
1568669
1568832
1568969
1569134
1569187
1569329
1569340
1569345
1569391
1569650
1569860
1569963
1569964
1569994
1570132
1570299
1570318
1570505
1570562
1570585
1570827
1570843
1570937
1571123
1571283
1571329
1571498
1571776
1571804
1571934
1571949
1571996
1572334
1572386
1572552
1572616
1572661
1572684
1572694
1572758
1572910
1573035
1573097
1573099
1573166
1573221
1573312
1573496
1573516
1573698
1574085
1574094
1574135
1574197
1574232
1574235
1574460
1574532
1574540
1574565
1574596
1574676
1574774
1574815
1574963
1575051
1575142
1575189
1575356
1575360
1575434
1575515
1575599
1575771
1575793
1575828
1575858
1575879
1575965
1575969
1576018
1576159
1576169
1576263
1576280
1576340
1576427
1576789
1576873
1576885
1576914
1576940
1576942
1577095
1577368
1577437
1577445
1577526
1577552
1577568
1577670
1577783
1577791
1577916
1578318
1578348
1578453
1578620
1578685
1578732
1578735
1578776
1578809
1578845
1578932
1578955
1578987
1579091
1579157
1579214
1579241
1579252
1579298
1579428
1579471
1579684
1579733
1579762
1579823
1579877
1579878
1579881
1579910
1579982
1580063
1580110
1580149
1580156
1580167
1580185
1580226
1580262
1580345
1580490
1580560
1580608
1580670
1580673
1580732
1580808
1580843
1580864
1580905
1580988
1581068
1581091
1581164
1581178
1581280
1581285
1581405
1581539
1581607
1581720
1581760
1581804
1581908
1581990
1582086
1582244
1582249
1582313
1582554
1582568
1582817
1582961
1582966
1582982
1583001
1583077
1583103
1583107
1583513
1583648
1583708
1583744
1583771
1583962
1584207
1584273
1584297
1584371
1584425
1584480
1584509
1584547
1584549
1584618
1584693
1584751
1584754
1584831
1584952
1585023
1585064
1585101
1585219
1585364
1585380
1585389
1585521
1585583
1585608
1585644
1585689
1585790
1585854
1585855
1586049
1586105
1586300
1586454
1586554
1587221
1587246
1587264
1587523
1587551
1587603
1587732
1587755
1587982
1587987
1588014
1588084
1588216
1588238
1588489
1588823
1588871
1588972
1588978
1589061
1589094
1589149
1589150
1589420
1589526
1590364
1590383
1590418
1590560
1590584
1590714
1590715
1590717
1590750
1590799
1590877
1590895
1590955
1590976
1591096
1591165
1591517
1591587
1591588
1591670
1591698
1591763
1591877
1591890
1591913
1591939
1591956
1592000
1592016
1592049
1592057
1592058
1592288
1592329
1592379
1592386
1592480
1592560
1592900
1593001
1593034
1593184
1593195
1593222
1593275
1593538
1593547
1593548
1593549
1593899
1593936
1593984
1594012
1594109
1594124
1594204
1594337
1594466
1594555
1594590
1594617
1594686
1594805
1594856
1594864
1594879
1594968
1595097
1595106
1595248
1595262
1595353
1595527
1595585
1595761
1595893
1595974
1596532
1596783
1596812
1596856
1596961
1596964
1596967
1596993
1597033
1597095
1597264
1597313
1597389
1597503
1597553
1597659
1597672
1597680
1597835
1597846
1597892
1597934
1598014
1598085
1598428
1598599
1598646
1598655
1598665
1598674
1598696
1598893
1598968
1598981
1599117
1599222
1599298
1599407
1599489
1599617
1599891
1599901
1599947
1600033
1600125
1600132
1600222
1600422
1600438
1600470
1600520
1600527
1600620
1600626
1600641
1600847
1600890
1600928
1600983
1601046
1601072
1601280
1601347
1601485
1601545
1601548
1601669
1601712
1601830
1601936
1602078
1602367
1602409
1602584
1602658
1602842
1603015
1603016
1603145
1603207
1603286
1603345
1603454
1603671
1603756
1603793
1603794
1603923
1603969
1603978
1603993
1603998
1604028
1604112
1604113
1604114
1604174
1604191
1604416
1604464
1604477
1604481
1604522
1604643
1604665
1604738
1604778
1604813
1604821
1604868
1604924
1604929
1604950
1604982
1605057
1605301
1605331
1605481
1605484
1605607
1605725
1605755
1605803
1605888
1606012
1606163
1606180
1606242
1606268
1606363
1606364
1606366
1606440
1606457
1606645
1606698
1606733
1606745
1606757
1606909
1607250
1607678
1607716
1607741
1607807
1607962
1607997
1608092
1608249
1608298
1608390
1608401
1608512
1608638
1608741
1609065
1609132
1609151
1609234
1609253
1609258
1609351
1609550
1609702
1609711
1609727
1609804
1609809
1609951
1609989
1610092
1610114
1610128
1610250
1610418
1610466
1610520
1610532
1610590
1610601
1610618
1610682
1610718
1610793
1610820
1610853
1610940
1610950
1611005
1611046
1611052
1611110
1611115
1611231
1611547
1611647
1611702
1611746
1611747
1611842
1611852
1611988
1612042
1612630
1612720
1612875
1612940
1613011
1613103
1613170
1613665
1613780
1613859
1613979
1614067
1614178
1614184
1614436
1614502
1614522
1614744
1614806
1614818
1614943
1614976
1615055
1615063
1615153
1615165
1615219
1615222
1615346
1615418
1615817
1615892
1615903
1615905
1616000
1616093
1616101
1616113
1616156
1616164
1616212
1616262
1616291
1616297
1616314
1616318
1616533
1616543
1616668
1616678
1616707
1616736
1616741
1616817
1616862
1616885
1617049
1617113
1617227
1617242
1617406
1617553
1617582
1617640
1617667
1617669
1617798
1617867
1617898
1617977
1618181
1618500
1618561
1618563
1618627
1618673
1618732
1618755
1618756
1618835
1618921
1619087
1619096
1619227
1619250
1619312
1619544
1619551
1619739
1619762
1619856
1619917
1619954
1620179
1620280
1620393
1620459
1620463
1620533
1620546
1620554
1620555
1620602
1620664
1620678
1620702
1620737
1620749
1620928
1621221
1621227
1621434
1621443
1621563
1621672
1621832
1621888
1621906
1621910
1622148
1622175
1622194
1622229
1622244
1622345
1622353
1622536
1622577
1622629
1622893
1622996
1623360
1623526
1623595
1623613
1623715
1623919
1623925
1624322
1624326
1624512
1624517
1624658
1624794
1624899
1624985
1625042
1625101
1625278
1625297
1625414
1625641
1625791
1625941
1626115
1626199
1626450
1626633
1626644
1626745
1626853
1626878
1626971
1627014
1627041
1627223
1627272
1627281
1627282
1627425
1627475
1627487
1627811
1627854
1627857
1627868
1628063
1628104
1628171
1628369
1628738
1628808
1628908
1628935
1628945
1629019
1629137
1629210
1629220
1629261
1629632
1629995
1630113
1630132
1630176
1630212
1630472
1630627
1630805
1630856
1630940
1631256
1631463
1631487
1631569
1631574
1631596
1631650
1631761
1631825
1632121
1632127
1632790
1632970
1633061
1633070
1633142
1633336
1633369
1633438
1633441
1633651
1633858
1633917
1633932
1633978
1634038
1634117
1634157
1634379
1634432
1634447
1634997
1635073
1635077
1635088
1635193
1635261
1635282
1635327
1635581
1635650
1635718
1635729
1635881
1635977
1635984
1636023
1636050
1636051
1636222
1636282
1636286
1636289
1636422
1636519
1636639
1636651
1637147
1637207
1637459
1637520
1637558
1637655
1637715
1637736
1637757
1637761
1637810
1637873
1637890
1637913
1637921
1638024
1638097
1638287
1638290
1638381
1638826
1638833
1638911
1639068
1639225
1639300
1639438
1639457
1639691
1639723
1639825
1639856
1639858
1639862
1639877
1639920
1639947
1640043
1640147
1640251
1640266
1640304
1640305
1640313
1640384
1640428
1640455
1640704
1641197
1641229
1641281
1641398
1641489
1641601
1641614
1641631
1641640
1641991
1642081
1642122
1642159
1642178
1642271
1642365
1642380
1642453
1642545
1642896
1642985
1643154
1643198
1643269
1643303
1643615
1643721
1643918
1643953
1643988
1644378
1644406
1644419
1644440
1644509
1644540
1644675
1644771
1644903
1644963
1645061
1645070
1645113
1645155
1645194
1645460
1645469
1645494
1645569
1645590
1645666
1645842
1645873
1645926
1646109
1646188
1646228
1646383
1646587
1646972
1647088
1647320
1647338
1647435
1647509
1647513
1647572
1647639
1647822
1647932
1647933
1648087
1648257
1648365
1648403
1648416
1648428
1648512
1648566
1648636
1648893
1648960
1649009
1649094
1649096
1649173
1649313
1649338
1649345
1649373
1649709
1649739
1649744
1649749
1649752
1649904
1649989
1650101
1650107
1650132
1650149
1650164
1650196
1650372
1650445
1650575
1650648
1650664
1650696
1650729
1650962
1651094
1651235
1651308
1651407
1651431
1651561
1651562
1651625
1651717
1651721
1651932
1651944
1651992
1652044
1652101
1652106
1652130
1652133
1652362
1652499
1652535
1652539
1652561
1652724
1652866
1652923
1652935
1652958
1653087
1653192
1653242
1653247
1653384
1653477
1653482
1653558
1653606
1653653
1653909
1653985
1654126
1654151
1654508
1654595
1654795
1655020
1655050
1655075
1655099
1655190
1655210
1655319
1655544
1655589
1655759
1655887
1655888
1655891
1655923
1656081
1656239
1656328
1656472
1656501
1656536
1656634
1656936
1657197
1657201
1657214
1657312
1657573
1657642
1657677
1657788
1657800
1657853
1658247
1658551
1658566
1658645
1658678
1659122
1659166
1659228
1659323
1659352
1659494
1659520
1659576
1659617
1659939
1660046
1660134
1660280
1660334
1660690
1660719
1660734
1661053
1661059
1661125
1661181
1661460
1661600
1661779
1661920
1661998
1662244
1662253
1662524
1662574
1662579
1662684
1662774
1662972
1662991
1663038
1663712
1664106
1664703
1664710
1664740
1664780
1664998
1665275
1665300
1665340
1665650
1665658
1665817
1665918
1665988
1666071
1666134
1666138
1666175
1666244
1666291
1666384
1666700
1666735
1666782
1667011
1667161
1667313
1667633
1667919
1667939
1667944
1668010
1668105
1668243
1668340
1668370
1668393
1668397
1668428
1668438
1668501
1668673
1668717
1669162
1669600
1669779
1669792
1669811
1669812
1670061
1670076
1670349
1670541
1670592
1670869
1671013
1671132
1671235
1671284
1671502
1671541
1671584
1671686
1671750
1671818
1671854
1671858
1671927
1671933
1672013
1672326
1672571
1672619
1672688
1672754
1672826
1672909
1672985
1673358
1673475
1673481
1673504
1673743
1673772
1673985
1673996
1674101
1674168
1674227
1674335
1674356
1674365
1674416
1674440
1674632
1674862
1674910
1674930
1675033
1675149
1675192
1675634
1675644
1675820
1676047
1676163
1676238
1676326
1676479
1676667
1676725
1677077
1677084
1677203
1677250
1677576
1677703
1677761
1677897
1677940
1678022
1678105
1678130
1678463
1678531
1678660
1678748
1679033
1679049
1679063
1679082
1679268
1679273
1679363
1679450
1679628
1679688
1679788
1679817
1679826
1679920
1680048
1680062
1680132
1680139
1680143
1680247
1680367
1680378
1680513
1680581
1680637
1680689
1680873
1681009
1681087
1681169
1681206
1681348
1681459
1681556
1681622
1681682
1681689
1681714
1681903
1681941
1682056
1682149
1682220
1682241
1682265
1682325
1682639
1682745
1682811
1682852
1683274
1683408
1683471
1683541
1683553
1683606
1683695
1683825
1684144
1684381
1684425
1684505
1684662
1684688
1684693
1685040
1685071
1685428
1685715
1686000
1686009
1686142
1686850
1687081
1687187
1687221
1687229
1687277
1687451
1687542
1687932
1688016
1688126
1688476
1688487
1688568
1688757
1688852
1688941
1689375
1689448
1689548
1689657
1689731
1689796
1689813
1689873
1689923
1690012
1690080
1690334
1690437
1690511
1690536
1690585
1690639
1690666
1690680
1690769
1690820
1690842
1690881
1690947
1691082
1691221
1691303
1691337
1691421
1691433
1691445
1691493
1691710
1691936
1692063
1692115
1692345
1692376
1692415
1692427
1692705
1692787
1692819
1692830
1692951
1693011
1693128
1693256
1693415
1693577
1693664
1693736
1693853
1694028
1694187
1694426
1694617
1694665
1695098
1695295
1695357
1695473
1696025
1696355
1696396
1696556
1696558
1697152
1697500
1697805
1697818
1697851
1697862
1697884
1698022
1698113
1698209
1698508
1698514
1698530
1698535
1698538
1698990
1698991
1699031
1699039
1699136
1699150
1699350
1699382
1699709
1699880
1699963
1699967
1700171
1700173
1700844
1701040
1701051
1701108
1701114
1701167
1701261
1701478
1701541
1701599
1701605
1701732
1701756
1701758
1701809
1701821
1701963
1702123
1702318
1702744
1702750
1702780
1702924
1703038
1703056
1703057
1703073
1703079
1703117
1703118
1703141
1703157
1703292
1703489
1703625
1703644
1703647
1703785
1703956
1704174
1704235
1704287
1704292
1704299
1704596
1704711
1704715
1704720
1704760
1705012
1705110
1705181
1705284
1705338
1705402
1705455
1705682
1705696
1705771
1705843
1705873
1705969
1706404
1706431
1706509
1706524
1706946
1707092
1707178
1707210
1707303
1707306
1707502
1707753
1707910
1707919
1707925
1708035
1708055
1708176
1708259
1708261
1708301
1708331
1708341
1708405
1708410
1708441
1708493
1708527
1708599
1708646
1708688
1709048
1709164
1709442
1709505
1709542
1709626
1709628
1709682
1709768
1709819
1709941
1710072
1710155
1710340
1710350
1710366
1710482
1710495
1710583
1710607
1710680
1710864
1711012
1711141
1711269
1711279
1711291
1711375
1711675
1711754
1711786
1711929
1711933
1712178
1712184
1712189
1712294
1712356
1712463
1712762
1712807
1712923
1713210
1713334
1713407
1713443
1713445
1713539
1713675
1713683
1713748
1713832
1713863
1713923
1713930
1713947
1713952
1713979
1714174
1714368
1714562
1714798
1714899
1715272
1715497
1715768
1715801
1715819
1715925
1716166
1716188
1716338
1716410
1716583
1716621
1716697
1716770
1716885
1716947
1716951
1717115
1717161
1717307
1717393
1717452
1717457
1717547
1717556
1717695
1717961
1718108
1718224
1718227
1718405
1718500
1718512
1718728
1718852
1718903
1718939
1719117
1719395
1719406
1719489
1719714
1719812
1719893
1720025
1720116
1720161
1720201
1720250
1720265
1720353
1720420
1720424
1720446
1720553
1720580
1720592
1720635
1720671
1720725
1720821
1720893
1720990
1721056
1721386
1721484
1721741
1721781
1721947
1722010
1722271
1722287
1722380
1722387
1722388
1722438
1722482
1722556
1722606
1722608
1722684
1722731
1722926
1722964
1722969
1722992
1723047
1723059
1723069
1723089
1723128
1723455
1723464
1723517
1723580
1723648
1723690
1723701
1723788
1723866
1723935
1723980
1724009
1724344
1724521
1724542
1724570
1724670
1724755
1724965
1724979
1725033
1725057
1725123
1725134
1725160
1725210
1725255
1725262
1725332
1725430
1725526
1725569
1725579
1725603
1725750
1725872
1725911
1725964
1726079
1726122
1726126
1726146
1726159
1726173
1726189
1726293
1726445
1726711
1726906
1726978
1727074
1727196
1727254
1727255
1727263
1727370
1727398
1728041
1728117
1728190
1728205
1728328
1728688
1728860
1728918
1728951
1729089
1729149
1729173
1729214
1729427
1729514
1729637
1729653
1729756
1729944
1729997
1730168
1730346
1730430
1730463
1730773
1730869
1730984
1731289
1731348
1731388
1731536
1731805
1731831
1731854
1732379
1732406
1732409
1732845
1733186
1733294
1733298
1733418
1733868
1733968
1733998
1734005
1734107
1734262
1734342
1734427
1734517
1734520
1734713
1734722
1734750
1734768
1734902
1735041
1735438
1735514
1735556
1735707
1735803
1735828
1735858
1736035
1736243
1736289
1736297
1736510
1736541
1736730
1736874
1736946
1737193
1737270
1737287
1737319
1737339
1737422
1737450
1737523
1737706
1737806
1737924
1737927
1737953
1737995
1738021
1738177
1738699
1738758
1738827
1738906
1739016
1739104
1739174
1739410
1739426
1739445
1739566
1739614
1739936
1739940
1739942
1740279
1740332
1740547
1740594
1740604
1740797
1740915
1741220
1741231
1741489
1741530
1741534
1741830
1742056
1742089
1742195
1742313
1742341
1742518
1742692
1742770
1742910
1742912
1742924
1742927
1743019
1743102
1743235
1743340
1743344
1743725
1743745
1743759
1743858
1743881
1743905
1743907
1743971
1744489
1744494
1744659
1744676
1744781
1744894
1744895
1745020
1745032
1745041
1745059
1745078
1745114
1745201
1745317
1745431
1745621
1745648
1745797
1745916
1745999
1746037
1746109
1746119
1746129
1746466
1746468
1746473
1746618
1746967
1747009
1747068
1747079
1747172
1747565
1747570
1747657
1747661
1747688
1747748
1747777
1748137
1748197
1748252
1748621
1748680
1748773
1748790
1748797
1748824
1748907
1748945
1749704
1749723
1749797
1750019
1750106
1750149
1750153
1750155
1750264
1750284
1750593
1750625
1750704
1750721
1750729
1750735
1750736
1750777
1751008
1751143
1751162
1751707
1751783
1751788
1751876
1751912
1752036
1752108
1752360
1752474
1752564
1752828
1752836
1753162
1753217
1753268
1753368
1753373
1753391
1753539
1753648
1753673
1753706
1753712
1753886
1754068
1754088
1754170
1754180
1754195
1754226
1754301
1754581
1754820
1754824
1754836
1755058
1755101
1755237
1755347
1755351
1755672
1755755
1755953
1756064
1756180
1756262
1756390
1756404
1756497
1756499
1756594
1756607
1756655
1756699
1756701
1756708
1756761
1756770
1756908
1757073
1757083
1757097
1757143
1757399
1757499
1757715
1757840
1757898
1757932
1758009
1758021
1758057
1758124
1758488
1758530
1758699
1758730
1758736
1758766
1759008
1759124
1759136
1759138
1759186
1759425
1759509
1759546
1759614
1759631
1759655
1759774
1759783
1759824
1760026
1760173
1760233
1760542
1760683
1760689
1760717
1760764
1760854
1760903
1760965
1761055
1761312
1761325
1761612
1761696
1761918
1761940
1762239
1762301
1762303
1762322
1762417
1762459
1762506
1762831
1763197
1763329
1763415
1763660
1763731
1763925
1763950
1764013
1764046
1764301
1764711
1764757
1764795
1764925
1764974
1765048
1765159
1765651
1765850
1766140
1766146
1766363
1766368
1766400
1766478
1766502
1766600
1766868
1767042
1767043
1767057
1767258
1767582
1767837
1768012
1768224
1768259
1768267
1768446
1768666
1768910
1768946
1769256
1769318
1769484
1769617
1769624
1769628
1769663
1769697
1769731
1769759
1769768
1769804
1770069
1770088
1770121
1770141
1770236
1770251
1770450
1770501
1770561
1770787
1770883
1771007
1771039
1771146
1771226
1771515
1771706
1771755
1771885
1771908
1771910
1771917
1771928
1771951
1771995
1772016
1772028
1772177
1772253
1772695
1772720
1772757
1772921
1773087
1773250
1773383
1773427
1773751
1774155
1774163
1774170
1774342
1774675
1774739
1774857
1774983
1775085
1775194
1775625
1775734
1775898
1776067
1776073
1776111
1776167
1776197
1776661
1776903
1776909
1776985
1777319
1777393
1777765
1777835
1777921
1777946
1778016
1778114
1778129
1778784
1778788
1778922
1778940
1778982
1779020
1779128
1779372
1779474
1779476
1779578
1779977
1780097
1780201
1780232
1780262
1780312
1780531
1780652
1780731
1780785
1781115
1781162
1781174
1781193
1781335
1781397
1781446
1781629
1781726
1781730
1781753
1781755
1781983
1782037
1782107
1782170
1782223
1782265
1782303
1782309
1782430
1782524
1782594
1782627
1782754
1782941
1782952
1782999
1783010
1783032
1783036
1783180
1783183
1783317
1783328
1783398
1783400
1783407
1783432
1783879
1784058
1784168
1784254
1784440
1784535
1784567
1784570
1784797
1784851
1784930
1784970
1785041
1785056
1785154
1785173
1785243
1785279
1785345
1785424
1785476
1785493
1785494
1785530
1785566
1785592
1785680
1785971
1786108
1786117
1786182
1786205
1786248
1786255
1786286
1786318
1786352
1786431
1786471
1786511
1786835
1786842
1786909
1787117
1787134
1787297
1787306
1787400
1787414
1787425
1787518
1787640
1787740
1787791
1787803
1788028
1788060
1788230
1788235
1788257
1788348
1788399
1788451
1788707
1788717
1788841
1788882
1788999
1789029
1789192
1789299
1789444
1789760
1789769
1789832
1789940
1789972
1790121
1790169
1790177
1790340
1790515
1790538
1790607
1790625
1790693
1790982
1791091
1791145
1791278
1791703
1791706
1791725
1791863
1791929
1791942
1792030
1792044
1792267
1792580
1792581
1792781
1792789
1792795
1792849
1792941
1793129
1793229
1793294
1793497
1793659
1793663
1793855
1793862
1793882
1793895
1794276
1794287
1794338
1794350
1794363
1794515
1794546
1794621
1794669
1794717
1794776
1794783
1794846
1794905
1794942
1795091
1795139
1795250
1795251
1795579
1795586
1795589
1795815
1795851
1796022
1796026
1796073
1796129
1796209
1796280
1796303
1796383
1796514
1796898
1796949
1797099
1797336
1797768
1798100
1798270
1798562
1798618
1798749
1799011
1799191
1799207
1799208
1799290
1799332
1799448
1799567
1799611
1799788
1799850
1799858
1799983
1800227
1800315
1800347
1800373
1800392
1800637
1800667
1800682
1800890
1801075
1801169
1801170
1801198
1801368
1801417
1801602
1801661
1801729
1801754
1801777
1801834
1802156
1802255
1802450
1802457
1802665
1802749
1802768
1802883
1802974
1803096
1803112
1803407
1803599
1803696
1803737
1803800
1803901
1803914
1803977
1804176
1804469
1804583
1804591
1804745
1804792
1805012
1805077
1805087
1805284
1805385
1805387
1805508
1805521
1805526
1805594
1805651
1805795
1805833
1805890
1806156
1806310
1806347
1806524
1806837
1806904
1806931
1806952
1807046
1807120
1807166
1807192
1807389
1807427
1807486
1807594
1807616
1807689
1807707
1807765
1807794
1807846
1807887
1807893
1807901
1807936
1807983
1808110
1808158
1808377
1808665
1808805
1808834
1808865
1808898
1808997
1809104
1809158
1809196
1809267
1809353
1809519
1809541
1809587
1809616
1809691
1809750
1809987
1810019
1810031
1810140
1810182
1810467
1810491
1810523
1810546
1810560
1810739
1810747
1810806
1810997
1811063
1811074
1811109
1811115
1811168
1811210
1811216
1811414
1811530
1811623
1811764
1811856
1811882
1811931
1811935
1811972
1811999
1812173
1812234
1812286
1812360
1812364
1812447
1812477
1812554
1812667
1812727
1812923
1813241
1813419
1813452
1813603
1813658
1813744
1813756
1813783
1813814
1813914
1814067
1814114
1814140
1814215
1814287
1814329
1814423
1814728
1814824
1814963
1814974
1815021
1815086
1815184
1815302
1815436
1815442
1815495
1815526
1815566
1815620
1815632
1815737
1815753
1815776
1815779
1815805
1815846
1815849
1815903
1815974
1816007
1816017
1816048
1816090
1816101
1816133
1816172
1816176
1816233
1816261
1816319
1816431
1816554
1816581
1816590
1816613
1816696
1816708
1816723
1816736
1816815
1817004
1817083
1817159
1817161
1817218
1817229
1817232
1817241
1817358
1817511
1817565
1817640
1817713
1817740
1817760
1817786
1817868
1817944
1818089
1818093
1818201
1818212
1818221
1818274
1818331
1818346
1818355
1818382
1818383
1818502
1818605
1818643
1818644
1818787
1818794
1818838
1818844
1818873
1818874
1818876
1818880
1819035
1819113
1819133
1819142
1819157
1819175
1819253
1819258
1819263
1819313
1819394
1819395
1819399
1819404
1819411
1819438
1819493
1819496
1819498
1819510
1819516
1819559
1819574
1819576
1819580
1819584
1819608
1819615
1819704
1819724
1819790
1819794
1819796
1819810
1819848
1819876
1819881
1819928
1819989
1819994
1820025
1820143
1820144
1820160
1820175
1820190
1820191
1820201
1820209
1820272
1820302
1820378
1820566
1820630
1820721
1820727
1820852
1820872
1820875
1820877
1820953
1821075
1821080
1821146
1821159
1821160
1821169
1821171
1821175
1821317
1821318
1821323
1821329
1821349
1821393
1821424
1821468
1821534
1821586
1821595
1821606
1821682
1821742
1821769
1821788
1821806
1821812
1821825
1821850
1821866
1822027
1822145
1822219
1822250
1822309
1822312
1822359
1822366
1822462
1822479
1822492
1822523
1822553
1822691
1822711
1822791
1822792
1822835
1822862
1822873
1822877
1822886
1822888
1822912
1822928
1822929
1822935
1822966
1822989
1822993
1823000
1823033
1823034
1823086
1823126
1823143
1823144
1823200
1823239
1823255
1823306
1823323
1823340
1823365
1823383
1823465
1823466
1823481
1823524
1823529
1823575
1823584
1823587
1823593
1823608
1823634
1823635
1823652
1823733
1823766
1823767
1823776
1823794
1823826
1823854
1823855
1823857
1823878
1823882
1823884
1823896
1823945
1823986
1824013
1824119
1824149
1824153
1824171
1824185
1824204
1824211
1824293
1824301
1824403
1824434
1824502
1824577
1824677
1824734
1824814
1824846
1824884
1824888
1824893
1824920
1824963
1824993
1825024
1825042
1825079
1825088
1825155
1825248
1825249
1825254
1825349
1825367
1825413
1825437
1825452
1825473
1825480
1825497
1825570
1825590
1825720
1825724
1825739
1825875
1825962
1826000
1826011
1826018
1826058
1826059
1826168
1826286
1826376
1826397
1826435
1826457
1826470
1826492
1826553
1826574
1826600
1826660
1826667
1826669
1826671
1826681
1826729
1826779
1826814
1826836
1826855
1826889
1826892
1826991
1827075
1827076
1827087
1827090
1827248
1827328
1827392
1827401
1827506
1827635
1827669
1827821
1827871
1827899
1827980
1828016
1828049
1828096
1828098
1828102
1828105
1828108
1828161
1828182
1828183
1828185
1828248
1828250
1828253
1828316
1828318
1828325
1828326
1828365
1828376
1828377
1828438
1828443
1828478
1828522
1828536
1828588
1828608
1828672
1828673
1828723
1828735
1828748
1828791
1828805
1828811
1828817
1828852
1828914
1828937
1828957
1828962
1828972
1828985
1828989
1829042
1829118
1829247
1829311
1829322
1829328
1829426
1829427
1829432
1829455
1829558
1829576
1829615
1829635
1829667
1829726
1829730
1829794
1829797
1829802
1829809
1829864
1829889
1829949
1829953
1829959
1829966
1829999
1830029
1830033
1830043
1830056
1830063
1830072
1830081
1830162
1830180
1830188
1830197
1830210
1830214
1830232
1830374
1830392
1830487
1830531
1830547
1830795
1831006
1831096
1831097
1831270
1831283
1831359
1831363
1831481
1831617
1831631
1831651
1831828
1831840
1831868
1831874
1831907
1831915
1831928
1831937
1831964
1831978
1831979
1831992
1832010
1832038
1832136
1832161
1832168
1832250
1832300
1832332
1832351
1832352
1832371
1832415
1832433
1832459
1832466
1832483
1832487
1832505
1832511
1832696
1832737
1832765
1832803
1832871
1832928
1832950
1833032
1833141
1833197
1833213
1833214
1833235
1833498
1833756
1833764
1833769
1833835
1833908
1833909
1834026
1834032
1834048
1834105
1834226
1834267
1834336
1834342
1834376
1834488
1834489
1834494
1834518
1834526
1834543
1834584
1834585
1834622
1834628
1834645
1834755
1834868
1834974
1834975
1835022
1835059
1835068
1835205
1835236
1835256
1835268
1835378
1835385
1835416
1835512
1835539
1835567
1835579
1835591
1835597
1835615
1835632
1835636
1835654
1835681
1835713
1835724
1835800
1835814
1835817
1835830
1835856
1835881
1835963
1835972
1836056
1836057
1836074
1836075
1836100
1836129
1836154
1836176
1836190
1836242
1836259
1836274
1836295
1836337
1836470
1836478
1836503
1836517
1836547
1836564
1836747
1836754
1836775
1836833
1836875
1836894
1836935
1836981
1837014
1837067
1837105
1837160
1837207
1837238
1837240
1837248
1837254
1837344
1837393
1837412
1837429
1837430
1837493
1837607
1837671
1837686
1837739
1837774
1837821
1837824
1837929
1837997
1838000
1838003
1838028
1838108
1838162
1838163
1838176
1838207
1838219
1838238
1838293
1838337
1838359
1838361
1838406
1838413
1838431
1838433
1838527
1838614
1838615
1838666
1838672
1838697
1838716
1838814
1838821
1838831
1838883
1838937
1838957
1838987
1839121
1839127
1839132
1839140
1839154
1839175
1839185
1839191
1839285
1839290
1839341
1839360
1839412
1839434
1839439
1839519
1839530
1839550
1839569
1839586
1839608
1839610
1839611
1839799
1839839
1839886
1839970
1839972
1839990
1839998
1840102
1840148
1840161
1840199
1840225
1840229
1840233
1840292
1840317
1840353
1840416
1840425
1840439
1840463
1840502
1840563
1840572
1840574
1840616
1840706
1840776
1840780
1840792
1840856
1840859
1840877
1840920
1841004
1841024
1841080
1841125
1841137
1841144
1841156
1841175
1841209
1841230
1841304
1841330
1841338
1841383
1841387
1841389
1841408
1841420
1841425
1841585
1841586
1841610
1841644
1841661
1841666
1841675
1841734
1841761
1841800
1841804
1841845
1841867
1841873
1841925
1841948
1841968
1841993
1842022
1842046
1842167
1842219
1842223
1842279
1842295
1842329
1842356
1842373
1842384
1842386
1842430
1842498
1842556
1842566
1842609
1842644
1842659
1842718
1842726
1842729
1842731
1842827
1842883
1842912
1842916
1842937
1842939
1842952
1843091
1843100
1843121
1843162
1843165
1843181
1843205
1843212
1843248
1843249
1843351
1843370
1843388
1843477
1843586
1843588
1843608
1843656
1843714
1843716
1843724
1843762
1843764
1843862
1843973
1843974
1843988
1843993
1844135
1844149
1844211
1844224
1844270
1844280
1844336
1844363
1844389
1844392
1844417
1844419
1844450
1844452
1844505
1844507
1844579
1844635
1844642
1844650
1844744
1844817
1844862
1844908
1844971
1844981
1845013
1845022
1845097
1845123
1845149
1845257
1845290
1845338
1845368
1845437
1845459
1845550
1845580
1845601
1845618
1845799
1845809
1845815
1845840
1845942
1845991
1846068
1846069
1846084
1846136
1846163
1846235
1846253
1846288
1846416
1846576
1846702
1846715
1846750
1846804
1846809
1846832
1846839
1846975
1846996
1847064
1847075
1847090
1847112
1847127
1847241
1847345
1847351
1847355
1847360
1847367
1847398
1847409
1847440
1847462
1847513
1847577
1847584
1847590
1847607
1847706
1847806
1847846
1847874
1847891
1847986
1848000
1848020
1848097
1848165
1848275
1848309
1848323
1848334
1848410
1848416
1848437
1848558
1848672
1848731
1848739
1848756
1848758
1848763
1848782
1848795
1848821
1848826
1848861
1848898
1848948
1848959
1849011
1849056
1849058
1849221
1849253
1849280
1849296
1849380
1849396
1849408
1849466
1849475
1849489
1849580
1849635
1849737
1849820
1849853
1849867
1849894
1849902
1850038
1850051
1850059
1850079
1850119
1850235
1850262
1850266
1850269
1850270
1850271
1850272
1850316
1850351
1850391
1850398
1850453
1850487
1850502
1850529
1850699
1850733
1850767
1850902
1850906
1851003
1851112
1851174
1851182
1851194
1851230
1851266
1851322
1851484
1851491
1851612
1851625
1851651
1851657
1851682
1851860
1851909
1851959
1851961
1852016
1852019
1852023
1852024
1852025
1852039
1852040
1852061
1852117
1852131
1852207
1852244
1852317
1852332
1852353
1852354
1852407
1852432
1852440
1852495
1852551
1852575
1852633
1852736
1852749
1852753
1852767
1852771
1852889
1852931
1852940
1852973
1853021
1853044
1853047
1853070
1853084
1853112
1853138
1853145
1853314
1853397
1853436
1853580
1853594
1853599
1853630
1853651
1853717
1853774
1853775
1853816
1853825
1853860
1853868
1853889
1853920
1853921
1853928
1853962
1854078
1854139
1854183
1854233
1854257
1854270
1854275
1854368
1854401
1854445
1854458
1854461
1854463
1854480
1854526
1854545
1854572
1854583
1854587
1854640
1854795
1854816
1854863
1854963
1854964
1855066
1855129
1855168
1855175
1855302
1855351
1855447
1855450
1855457
1855467
1855474
1855485
1855509
1855555
1855557
1855612
1855631
1855644
1855693
1855743
1855747
1855751
1855756
1855781
1855885
1855886
1856028
1856031
1856082
1856084
1856161
1856242
1856314
1856365
1856430
1856437
1856485
1856488
1856491
1856519
1856525
1856589
1856608
1856653
1856689
1856696
1856724
1856725
1856774
1856948
1856961
1856995
1857030
1857044
1857047
1857086
1857154
1857190
1857410
1857475
1857518
1857662
1857803
1857816
1857853
1857855
1857910
1857951
1858007
1858028
1858180
1858257
1858258
1858327
1858351
1858414
1858503
1858681
1858684
1858685
1858724
1858848
1858912
1858939
1858985
1858994
1859007
1859022
1859035
1859199
1859285
1859310
1859392
1859639
1859686
1859690
1859795
1859807
1859836
1859902
1859919
1860160
1860434
1860482
1860484
1860543
1860657
1860663
1860742
1860782
1860788
1860805
1860871
1860879
1861063
1861107
1861115
1861121
1861123
1861233
1861448
1861449
1861479
1861541
1861622
1861657
1861737
1861795
1861841
1861974
1862044
1862068
1862150
1862327
1862463
1862490
1862935
1862993
1863006
1863099
1863105
1863127
1863181
1863218
1863294
1863362
1863428
1863460
1863685
1863719
1863934
1863990
1864032
1864055
1864163
1864208
1864290
1864448
1864531
1864597
1864843
1864891
1864943
1865045
1865107
1865111
1865120
1865127
1865187
1865191
1865200
1865248
1865377
1865389
1865407
1865408
1865429
1865468
1865482
1865494
1865506
1865533
1865537
1865602
1865631
1865697
1865701
1865782
1865861
1865975
1866001
1866030
1866034
1866146
1866175
1866226
1866364
1866390
1866460
1866501
1866547
1866550
1866581
1866633
1866692
1866757
1866782
1866816
1866838
1866874
1867066
1867072
1867090
1867096
1867102
1867287
1867325
1867443
1867729
1867752
1867757
1867834
1867949
1868050
1868159
1868269
1868275
1868279
1868282
1868395
1868419
1868516
1868573
1868640
1868734
1868775
1868778
1868866
1868912
1868941
1868995
1869105
1869137
1869198
1869453
1869467
1869601
1869666
1869673
1869699
1869824
1869858
1869974
1870129
1870143
1870144
1870258
1870404
1870471
1870600
1870778
1870833
1870925
1870940
1871149
1871181
1871321
1871509
1871638
1871745
1871890
1871983
1872061
1872066
1872090
1872195
1872228
1872292
1872302
1872356
1872525
1872529
1872789
1872812
1872964
1873093
1873213
1873280
1873324
1873331
1873441
1873454
1873529
1873722
1873835
1873875
1873923
1873951
1873964
1874071
1874074
1874097
1874138
1874178
1874252
1874259
1874315
1874474
1874495
1874875
1874907
1874944
1875016
1875091
1875257
1875444
1875493
1875496
1875547
1875558
1875609
1875943
1876042
1876183
1876431
1876581
1876588
1876714
1876716
1876766
1877184
1877322
1877333
1877461
1877493
1877557
1877778
1877787
1877939
1877971
1878057
1878074
1878313
1878835
1878848
1878897
1879016
1879103
1879221
1879248
1879270
1879293
1879297
1879373
1879403
1879726
1879754
1879814
1879848
1879851
1880151
1880319
1880343
1880431
1880438
1880441
1880613
1880661
1880968
1881462
1881472
1881487
1881551
1881592
1881741
1882078
1882198
1882464
1882607
1882781
1882782
1882850
1882963
1883083
1883085
1883313
1883437
1883685
1883788
1883799
1883814
1883835
1883962
1883983
1883984
1884046
1884072
1884082
1884122
1884164
1884516
1884697
1885110
1885408
1885444
1885461
1885522
1885680
1885754
1885827
1885968
1885998
1886190
1886268
1886362
1886428
1886799
1886878
1886894
1887673
1887944
1888012
1888014
1888151
1888274
1888447
1888525
1888654
1888734
1888740
1888886
1888980
1889109
1889112
1889123
1889352
1889450
1889539
1889668
1889791
1889823
1889983
1890107
1890126
1890361
1891027
1891101
1891512
1891856
1891944
1892274
1892292
1892316
1892322
1892480
1892492
1892500
1892704
1892747
1892922
1893219
1893311
1893325
1893448
1893645
1893657
1893899
1894057
1894176
1894210
1894370
1894525
1894562
1894630
1894693
1894942
1894951
1894954
1895144
1895249
1895262
1895597
1895618
1896036
1896084
1896212
1896425
1896511
1896677
1896752
1897087
1897245
1897463
1897532
1897762
1897971
1897982
1898019
1898416
1898496
1898601
1898604
1898643
1898718
1898766
1898795
1899005
1899123
1899287
1899658
1899830
1899883
1900304
1900402
1900564
1900679
1900720
1901037
1901164
1901203
1901215
1901279
1901305
1901336
1901440
1901637
1901876
1901886
1901931
1902276
1902314
1902649
1902733
1902794
1903145
1903382
1903392
1903464
1903508
1903595
1903784
1903870
1903995
1904286
1904501
1904616
1904856
1905511
1905660
1905688
1905920
1905956
1906133
1906324
1906364
1907085
1907108
1907184
1907223
1907425
1907685
1907730
1907909
1907982
1908705
1908984
1909152
1909417
1909747
1909799
1910139
1910851
1910903
1910950
1910975
1911467
1911545
1912461
1912582
1912847
1912884
1912966
1913210
1913288
1913510
1913577
1913749
1913838
1913847
1913971
1914023
1914404
1914605
1914805
1914818
1915328
1915380
1915403
1915657
1915760
1916099
1916101
1916241
1916331
1916416
1916558
1917599
1917817
1917993
1918080
1918102
1918151
1918414
1918661
1919182
1919191
1919246
1919275
1919369
1919700
1919776
1919847
1920092
1920294
1920406
1920576
1921050
1921158
1921582
1921603
1921865
1921963
1922097
1922335
1922446
1922641
1922858
1923622
1923734
1923780
1923840
1923891
1924064
1924482
1924868
1925062
1925283
1925511
1926293
1926314
1926599
1926792
1927026
1927578
1927719
1927958
1928340
1928446
1928581
1928722
1928948
1929231
1929561
1929589
1929783
1930021
1930147
1930179
1930313
1930419
1930459
1930510
1931055
1931691
1931717
1932072
1932213
1932393
1932737
1932770
1933021
1933359
1933414
1933567
1933951
1934064
1934114
1934245
1934642
1934850
1934945
1935033
1935092
1935172
1935418
1935979
1936224
1936258
1936702
1936804
1936817
1937441
1937453
1937653
1937737
1937891
1937926
1937987
1937993
1938046
1938109
1938186
1938338
1938534
1938569
1938571
1938865
1939433
1939479
1939696
1939780
1939801
1939937
1939965
1940177
1940243
1940674
1940941
1941029
1941131
1941158
1941189
1941360
1941365
1941500
1941506
1941536
1942808
1943289
1943421
1943444
1943705
1943802
1943896
1944013
1944048
1944285
1944366
1944399
1944552
1944558
1944712
1944885
1944902
1944955
1945166
1945240
1945415
1945565
1945619
1946021
1946399
1946425
1946563
1946573
1946703
1946746
1947016
1947210
1947244
1947861
1947904
1948098
1948099
1948294
1948436
1948443
1948455
1948697
1948864
1948884
1949257
1949478
1949543
1949864
1950209
1950246
1950429
1951067
1951070
1951089
1951222
1951229
1951276
1951294
1951593
1951667
1952073
1952670
1952853
1952976
1953021
1953366
1953530
1953575
1953926
1953984
1953988
1954014
1954042
1954269
1954488
1954594
1954694
1955010
1955104
1955520
1956055
1956166
1956237
1956439
1956648
1956741
1956744
1956827
1956955
1957001
1957132
1957413
1957489
1957538
1957783
1958086
1958133
1958140
1958217
1958389
1958399
1958489
1958713
1958777
1958928
1959023
1959224
1959348
1959455
1959604
1959726
1959994
1960262
1960355
1960847
1961592
1961847
1962011
1962481
1962738
1962746
1962845
1962918
1963088
1963439
1963685
1964021
1964314
1964333
1964504
1964664
1964738
1964789
1964946
1964954
1964979
1965040
1965052
1965143
1965473
1965615
1965934
1966041
1966126
1966233
1966287
1966394
1966494
1966678
1966734
1966750
1966983
1967306
1967397
1967478
1967621
1967631
1967649
1967656
1967680
1967822
1968043
1968378
1968385
1968487
1968915
1969302
1969373
1969401
1969729
1969766
1969796
1969863
1969928
1970125
1970129
1970544
1970622
1970743
1970751
1971115
1971172
1971213
1971260
1971387
1971532
1971543
1971828
1971975
1972074
1972234
1972459
1972529
1972589
1973062
1973160
1973239
1973266
1973368
1973476
1973832
1974044
1974138
1974640
1975222
1975641
1975940
1976322
1976336
1976443
1976517
1976663
1976695
1976719
1976908
1976923
1977102
1977251
1977303
1977837
1977971
1978057
1978111
1978151
1978165
1978527
1978528
1978811
1978867
1978954
1979005
1979330
1979332
1979407
1979408
1979414
1979484
1979610
1979887
1980088
1980210
1980295
1980845
1980994
1981462
1981519
1981535
1981546
1981599
1981662
1981775
1981792
1982012
1982444
1982448
1982518
1982708
1982960
1982961
1983324
1983514
1983550
1983736
1984060
1984086
1984124
1984345
1985062
1985139
1985273
1985337
1985406
1985487
1985554
1986247
1986817
1987189
1987240
1987363
1988494
1988634
1988776
1988894
1989788
1989815
1989817
1989930
1990145
1990251
1990354
1990446
1990950
1991261
1991332
1991413
1991592
1991605
1991792
1991946
1992243
1992500
1992508
1992604
1992818
1992870
1993004
1993097
1993344
1993400
1993402
1993431
1993463
1993599
1993727
1994214
1994373
1994582
1994624
1994702
1995075
1995116
1995194
1995306
1995413
1995520
1995569
1995574
1995704
1995807
1995920
1996192
1996210
1996493
1996586
1996810
1996862
1997201
1997296
1997350
1997377
1997389
1997403
1997464
1997637
1997652
1997711
1997859
1997950
1998043
1998056
1998560
1998768
1998781
1999001
1999111
1999119
1999124
1999261
1999297
1999480
1999784
1999860
2000046
2000178
2000208
2000230
2000366
2000410
2000530
2000638
2000640
2000684
2000756
2000775
2001184
2001201
2001288
2001557
2001699
2001794
2002045
2002236
2002326
2002453
2002473
2002660
2003061
2003292
2003750
2003813
2003977
2004024
2004340
2004489
2004711
2005951
2006191
2006413
2006925
2006960
2006986
2007191
2007587
2007596
2007599
2007691
2007702
2007825
2007846
2007855
2007919
2008007
2008257
2009183
2009233
2009312
2009684
2009714
2010499
2010653
2010788
2010930
2010959
2010982
2011053
2011208
2011286
2011458
2011514
2011535
2011589
2011617
2011641
2011674
2011954
2012096
2012219
2012383
2012593
2012600
2012706
2012726
2012807
2013186
2013223
2013320
2013639
2013649
2013744
2013745
2013792
2013807
2014254
2014337
2014596
2014982
2015034
2015502
2015691
2015845
2015947
2015955
2016072
2016221
2016337
2016420
2017206
2017526
2017758
2017950
2018064
2018145
2018222
2018462
2018529
2019061
2019103
2019410
2019435
2019505
2019793
2019804
2020027
2020228
2020385
2020455
2020737
2020795
2020919
2020932
2020987
2021390
2021688
2021728
2021880
2021938
2021989
2022059
2022308
2022416
2022626
2023016
2023153
2023311
2023554
2023658
2023676
2023730
2023796
2024114
2024203
2024218
2024258
2024306
2024459
2024460
2024656
2024876
2024899
2024996
2025000
2025218
2025341
2025401
2025410
2025416
2025608
2025774
2025878
2025942
2025947
2026053
2026353
2026478
2026514
2026738
2026767
2027037
2027160
2027166
2027262
2027265
2027317
2027329
2027330
2027360
2027537
2027708
2027722
2027815
2027982
2028027
2028177
2028201
2028293
2028336
2028355
2028464
2028516
2028541
2028614
2028686
2028699
2028707
2028735
2028834
2028835
2028935
2029014
2029023
2029039
2029118
2029138
2029297
2029303
2029471
2029586
2029769
2029976
2030277
2030482
2030522
2030617
2030663
2030763
2030781
2030829
2030834
2030954
2031009
2031069
2031561
2031688
2032341
2032528
2032545
2032609
2032732
2032755
2032779
2032966
2033122
2033264
2033377
2033383
2033515
2033535
2033593
2033615
2033695
2033770
2033807
2033991
2034012
2034037
2034266
2034267
2034288
2034300
2034313
2034400
2034467
2034520
2034723
2035016
2035053
2035057
2035149
2035173
2035304
2035644
2035697
2035709
2035832
2035989
2035992
2036042
2036060
2036307
2036973
2037400
2037427
2038166
2038378
2038439
2038688
2038919
2038958
2039058
2039060
2039072
2039273
2039497
2039525
2039784
2039972
2040127
2040290
2040381
2040475
2040491
2040753
2040807
2041047
2041208
2041338
2041385
2041493
2041531
2041610
2041829
2041869
2041918
2042022
2042182
2042187
2042292
2042320
2042347
2042444
2042460
2042556
2042694
2042902
2043424
2043508
2043630
2043699
2043766
2044009
2044153
2044241
2044255
2044327
2044523
2044635
2044725
2044817
2044863
2044984
2045151
2045300
2045434
2045473
2045872
2045873
2046042
2046098
2046117
2046223
2046370
2046386
2046656
2047148
2047177
2047190
2047235
2047273
2047455
2047497
2048270
2048271
2048519
2048847
2048948
2048951
2048958
2049187
2049248
2049323
2049560
2049662
2049733
2049977
2050020
2050338
2050501
2051380
2051587
2051820
2051985
2052053
2052162
2052243
2052373
2052443
2052547
2052568
2052959
2053033
2053115
2053383
2053411
2053456
2053641
2053791
2053799
2053843
2053927
2054272
2054507
2054696
2054876
2055116
2055459
2055510
2055592
2055879
2055938
2056016
2056030
2056263
2056450
2056611
2056634
2056751
2057030
2057043
2057381
2057388
2057463
2058349
2058359
2058584
2058601
2058707
2058758
2058873
2058897
2059033
2059165
2059438
2059573
2059653
2059654
2059690
2059986
2060016
2060083
2060217
2060337
2060703
2060717
2060863
2061379
2061473
2061626
2061911
2062440
2062522
2062583
2062803
2062807
2062925
2063196
2063231
2063380
2063413
2063417
2063671
2063675
2063685
2063816
2063863
2064124
2064177
2064307
2064314
2064355
2064381
2064658
2064683
2064764
2064768
2064947
2064953
2065282
2065287
2065397
2065485
2065601
2065636
2065660
2065661
2065708
2065741
2065812
2065932
2065948
2066600
2066601
2066824
2066836
2066925
2067129
2067171
2067592
2067627
2067674
2067767
2067876
2068385
2068427
2068440
2068441
2068454
2068577
2069238
2069604
2069785
2069856
2070087
2070237
2070457
2070534
2070542
2070570
2070602
2070829
2070849
2070887
2070900
2070954
2071288
2071489
2071607
2071668
2071778
2071868
2071881
2071911
2071912
2071913
2072098
2072188
2072389
2072404
2072421
2072563
2073153
2073268
2073340
2073515
2073553
2073615
2073620
2073638
2073643
2073655
2073669
2073804
2073893
2073901
2073913
2073928
2073972
2074059
2074123
2074157
2074158
2074176
2074220
2074409
2074697
2074745
2074850
2074872
2074878
2074973
2075036
2075038
2075068
2075141
2075310
2075320
2075335
2075336
2075349
2075474
2075589
2075786
2075816
2075877
2075918
2076148
2076163
2076192
2076398
2076427
2076616
2076631
2076739
2076975
2077010
2077033
2077135
2077146
2077242
2077638
2077697
2077709
2077715
2077785
2077954
2078008
2078037
2078149
2078416
2078570
2078653
2078856
2078895
2079013
2079106
2079109
2079173
2079253
2079272
2079292
2079706
2079720
2079933
2079999
2080003
2080019
2080023
2080073
2080087
2080126
2080215
2080216
2080577
2080845
2080921
2080985
2081043
2081119
2081125
2081206
2081300
2081358
2081438
2081468
2081515
2081532
2081536
2081690
2081909
2082119
2082141
2082149
2082247
2082526
2082542
2082729
2082844
2082847
2082866
2082876
2082889
2083002
2083125
2083143
2083217
2083221
2083452
2083493
2083526
2083583
2083632
2083689
2083728
2083785
2083910
2083945
2083946
2083989
2084022
2084026
2084227
2084261
2084296
2084396
2084563
2084585
2084698
2085091
2085177
2085187
2085208
2085236
2085408
2085485
2085659
2085795
2085836
2085932
2086017
2086263
2086264
2086438
2086524
2086545
2086549
2086587
2086716
2086771
2086775
2086841
2086869
2087035
2087064
2087087
2087361
2087398
2087419
2087446
2087447
2087450
2087500
2087587
2087716
2087840
2087843
2087844
2087852
2087856
2087965
2087989
2088082
2088103
2088139
2088256
2088281
2088325
2088339
2088375
2088626
2088688
2088749
2088776
2088805
2088807
2088827
2088896
2089174
2089271
2089283
2089488
2089499
2089506
2089509
2089536
2089661
2089778
2089855
2089969
2089982
2090011
2090231
2090312
2090441
2090452
2090646
2090651
2090787
2090910
2091017
2091024
2091028
2091176
2091222
2091349
2091467
2091484
2091521
2091585
2091663
2091680
2091712
2092243
2092248
2092252
2092258
2092287
2092291
2092314
2092446
2092574
2092897
2092967
2093101
2093227
2093314
2093484
2093507
2093524
2093536
2093618
2093654
2093667
2093856
2093907
2093912
2093976
2094073
2094076
2094100
2094107
2094201
2094256
2094265
2094433
2094496
2094687
2094691
2094692
2094712
2094900
2094919
2094989
2095096
2095150
2095161
2095292
2095297
2095443
2095743
2096300
2096362
2096533
2096755
2096861
2096900
2096997
2097163
2097288
2097364
2097376
2097388
2097461
2097508
2097702
2097725
2097986
2098242
2098324
2098326
2098332
2098381
2098395
2098397
2098425
2098430
2098669
2098707
2098710
2098712
2098780
2098860
2099039
2099093
2099095
2099103
2099232
2099326
2099338
2099656
2099681
2099727
2099767
2099818
2099906
2100125
2100161
2100457
2100603
2100704
2100782
2100805
2100835
2101135
2101240
2101393
2101411
2101470
2101562
2101698
2101833
2101973
2102041
2102123
2102155
2102593
2102713
2102720
2102771
2102907
2102972
2103029
2103547
2103596
2103612
2103884
2103976
2104032
2104052
2104177
2104204
2104260
2104277
2104296
2104391
2104827
2104879
2104882
2104943
2105038
2105139
2105274
2105318
2105398
2105838
2105965
2106126
2106436
2106613
2106762
2107018
2107375
2107724
2107730
2107946
2107960
2107968
2107989
2108124
2108164
2108180
2108185
2108383
2108962
2109150
2109234
2109545
2109547
2109556
2109559
2109616
2109666
2109801
2109823
2109869
2109876
2110025
2110029
2110105
2110117
2110119
2110423
2110583
2111009
2111038
2111453
2111542
2111762
2111790
2111838
2111846
2111860
2112446
2112457
2112466
2113060
2113481
2113605
2113733
2113853
2114044
2114145
2114227
2114229
2114463
2114521
2115027
2115119
2115404
2115436
2115899
2116105
2116230
2116276
2117197
2117702
2118032
2118195
2119287
2119292
2119322
2119416
2120046
2120422
2120528
2120882
2121703
2122392
2122505
2123232
2123346
2123372
2123380
2123471
2123475
2123524
2123531
2123553
2123613
2123955
2123969
2124215
2124403
2124478
2125056
2125355
2125551
2125567
2125750
2125904
2125951
2126043
2126198
2126221
2126620
2127043
2127653
2127839
2127852
2127859
2127860
2127861
2127862
2128045
2128115
2128448
2128458
2128462
2128597
2128619
2128739
2128813
2129056
2129284
2129466
2129595
2129659
2130219
2130386
2130606
2131040
2131101
2131322
2131350
2131524
2131613
2131812
2131813
2131853
2131882
2131961
2132082
2132582
2132873
2133020
2133022
2133037
2133136
2133239
2133716
2133719
2133810
2133836
2133892
2134090
2134539
2134552
2134856
2135163
2135894
2135939
2136116
2136360
2136387
2136449
2136530
2137137
2137358
2137679
2137754
2137777
2137965
2138186
2138369
2138373
2138474
2138554
2139246
2140030
2140589
2140948
2141099
2141406
2141512
2142762
2143673
2144732
2144745
2144751
2144761
2145378
2145424
2145659
2146310
2147219
2147557
2147869
2148075
2149111
2150886
2151905
2152784